-0.30379190624999997
-0.39693937500000004
-0.9090722812500001
-0.0894088125
0.40117809375
-0.51571996875
1.0790108437500001
-0.28205887500000004
0.43950178124999995
-0.25704984375
0.011903062499999992
-1.06310334375
-0.19776684375
-0.81106790625
-0.6027091875
-0.3783937500000001
0.26163900000000007
0.13509168750000014
0.11984371874999991
0.5436565312500001
0.33046846874999997
-0.50685271875
-0.1431320625000001
0.19332534375000018
-0.6358530937500002
-0.5705772187499998
-0.9345715312500003
0.07430259375000005
-0.1645560000000002
-1.6734374999978485E-4
0.6031068750000002
0.3929447812499997
0.22064175000000036
0.3192505312499999
0.04910653124999988
-0.30677456249999985
-0.24985603125
-0.5584910625000002
0.2598100312499999
-0.4099213124999998

