0.84181 
0.984123 
-0.380422 
0.695912 
0.403226 
-0.524506 
-0.266879 
0.383114 
1.69022 
1.53453 
0.579071 
2.22985 
1.88508 
1.40494 
1.54134 
1.22716 
1.12011 
1.53495 
1.34171 
1.45146 
1.09278 
0.643341 
1.54718 
2.28253 
2.18191 
2.40562 
1.98683 
1.73603 
1.31948 
1.07141 
1.08789 
0.39063 
0.44603 
0.735788 
0.240047 
1.87851 
1.36226 
1.11759 
1.89365 
0.770564 
0.836805 
0.635988 
0.621691 
0.157819 
-0.281096 
0.201606 
-0.105395 
0.70749 
0.719772 
0.94836 
0.158609 
0.479062 
-0.49243 
-0.559265 
-0.601486 
-0.39326 
-1.35469 
-0.840556 
-0.971393 
-0.461823 
-0.92288 
-0.380271 
-0.46399 
-0.353569 
-0.107157 
-0.917365 
-1.73426 
-1.95861 
-2.02755 
-0.971114 
-1.96221 
-1.20024 
-1.31488 
-0.841622 
-1.23191 
-1.41994 
-1.58248 
-1.07104 
-1.57709 
-1.45137 
-1.11986 
-1.65648 
-1.74687 
-1.06205 
-1.54237 
-0.865814 
-0.503834 
-0.589578 
-0.239849 
-0.787913 
-0.935418 
-0.688645 
-0.625328 
-0.370249 
-1.24514 
-0.892614 
-0.545639 
-1.00133 
0.000648419 
-0.222981 
0.905411 
0.357462 
0.422847 
0.0491002 
0.363968 
-0.212156 
0.345085 
0.397595 
0.909837 
0.611532 
0.333115 
0.837575 
1.89089 
0.968156 
1.77214 
1.21964 
1.73071 
0.400004 
0.867861 
0.56566 
1.71524 
1.35407 
1.7771 
1.46177 
1.84737 
1.85374 
2.36836 
1.67596 
1.46569 
0.416562 
0.624062 
0.509873 
0.276453 
0.907436 
1.35091 
1.19024 
1.12941 
1.85831 
1.74706 
1.06272 
1.08491 
0.414056 
-0.385684 
0.128374 
-0.0682418 
-0.236268 
-0.313797 
0.0812671 
-0.3198 
0.790486 
0.63096 
0.388569 
0.0995474 
-0.384371 
-0.409101 
-0.709166 
-1.09153 
-0.783182 
-1.19156 
-0.877474 
-0.596218 
-0.784822 
-0.678816 
0.262241 
-0.0185339 
-0.984538 
-1.80434 
-1.67479 
-1.76818 
-1.57803 
-2.13849 
-2.16279 
-1.97849 
-1.08017 
-0.803525 
-0.642066 
-0.953554 
-1.06995 
-1.46278 
-1.09802 
-2.28344 
-1.68597 
-1.90356 
-1.51376 
-1.05303 
-0.643024 
-0.887211 
-0.0733139 
-0.3851 
-0.709124 
-0.543553 
-1.02791 
-0.940063 
-1.1359 
-0.816918 
-0.52065 
0.0333592 
0.0347495 
0.0716344 
0.697803 
0.56841 
0.0276533 
0.849644 
0.467567 
-0.0014939 
0.213089 
0.087793 
-0.294987 
0.299679 
0.562722 
0.670114 
1.82659 
1.28995 
1.48616 
1.34655 
0.981411 
1.19191 
0.958157 
1.24386 
0.571674 
0.659893 
1.75868 
1.98704 
1.72016 
1.49567 
1.90792 
1.6863 
1.56759 
1.29826 
1.13584 
1.08843 
0.340875 
0.439265 
0.772522 
0.737383 
1.12554 
1.5277 
0.336181 
1.48338 
1.75012 
0.443397 
0.765545 
0.544818 
0.283844 
-0.0385608 
-0.571397 
0.040255 
0.80781 
0.468987 
0.471017 
0.127887 
0.325647 
0.10405 
-0.233197 
-0.599141 
-1.09099 
-0.340218 
-1.95692 
-0.224832 
-0.70358 
-0.148571 
-1.14738 
-0.792138 
-0.432684 
-0.697566 
-1.52823 
-1.06195 
-2.03138 
-1.54283 
-1.45214 
-1.43911 
-1.05463 
-1.05752 
-1.39549 
-0.75026 
-1.39343 
-1.22544 
-0.639489 
-1.46852 
-1.67746 
-1.41149 
-1.67903 
-1.63919 
-1.18153 
-0.960565 
-1.06737 
-0.773363 
-0.793267 
-0.224461 
-1.07047 
-0.877535 
-1.47554 
-0.732266 
-0.786617 
-1.0031 
-0.943405 
-1.37977 
0.00372693 
-0.632752 
-0.52969 
0.345689 
0.394806 
0.600358 
0.61695 
0.388405 
-0.276149 
0.136993 
0.224929 
0.690526 
0.939514 
1.19088 
1.258 
1.29146 
1.96207 
0.583045 
1.08216 
0.69571 
0.593019 
0.905691 
0.906452 
0.458076 
1.01702 
1.39386 
1.58954 
2.08282 
2.04544 
1.47978 
1.51648 
0.581698 
1.54805 
0.811768 
0.409639 
0.85912 
0.45789 
1.24599 
1.0758 
2.06306 
1.9799 
0.724413 
1.39043 
0.688541 
0.751096 
0.566248 
0.273451 
-0.207124 
0.674205 
0.138685 
0.487819 
0.483202 
0.528342 
0.728067 
0.333852 
-0.177948 
-0.948692 
0.11536 
-1.1142 
-1.05857 
-0.68617 
-1.07608 
-1.00934 
-0.888765 
-0.372581 
-0.0552954 
-0.721073 
-0.365164 
-0.874525 
-1.3566 
-1.991 
-1.95573 
-1.90477 
-2.29391 
-1.35768 
-1.59617 
-1.1396 
-0.982266 
-1.39419 
-0.940952 
-1.13573 
-1.82184 
-1.15055 
-1.0847 
-1.36278 
-1.7434 
-1.21667 
-1.51413 
-0.309704 
-0.401179 
-0.308299 
-0.960505 
-0.381066 
-0.816621 
-0.870719 
-1.30948 
-1.44415 
-1.33212 
-0.976691 
-1.31918 
-0.200973 
0.0762977 
0.694015 
0.434936 
0.784226 
-0.18172 
-0.0133646 
0.119987 
-0.0187653 
0.522705 
-0.00229327 
0.663649 
0.963901 
1.35889 
1.16027 
1.34211 
0.923278 
1.38567 
1.64481 
0.949733 
0.593263 
0.577633 
0.590127 
0.687944 
1.1189 
1.45667 
1.61962 
2.2208 
2.06196 
2.54159 
1.8255 
1.93335 
1.05729 
1.23995 
0.667088 
1.04284 
1.06594 
0.209357 
0.654646 
1.04919 
1.44421 
1.80084 
1.21334 
1.25658 
0.652724 
-0.158942 
0.310835 
-0.365612 
0.542831 
0.097156 
0.873976 
0.208228 
0.788196 
0.469875 
-0.264552 
-0.377069 
0.0671458 
-0.549947 
-1.37632 
-1.36315 
-0.961444 
-1.25384 
-0.406585 
-0.73235 
0.221339 
-0.738284 
-0.300746 
-1.31002 
-1.09285 
-1.36948 
-1.46345 
-1.41751 
-1.58017 
-1.97439 
-1.44599 
-1.25699 
-1.10945 
-0.746812 
-0.66452 
-1.23921 
-0.793572 
-1.44938 
-1.95431 
-1.83725 
-1.75093 
-1.9602 
-1.5183 
-0.998035 
-0.874644 
-0.709266 
-0.449772 
-0.40885 
-0.328926 
-0.934323 
-0.745778 
-0.899365 
-1.01972 
-0.392147 
-1.13171 
-0.990564 
-0.692316 
0.297996 
0.591298 
0.33199 
0.824039 
0.314313 
0.469477 
0.0871426 
0.339291 
0.1448 
0.909104 
0.000265638 
0.22714 
0.67217 
0.736616 
1.22815 
1.63736 
1.32018 
1.47191 
1.3468 
1.32997 
1.19376 
1.05884 
0.649728 
0.483005 
1.63707 
1.24015 
1.7186 
1.93345 
2.75735 
1.54943 
1.37161 
1.03651 
0.981212 
0.736528 
0.512516 
0.31784 
1.23926 
0.957222 
1.16454 
2.01442 
1.38618 
1.20294 
1.33919 
0.726718 
0.736998 
-0.06158 
0.468647 
0.229483 
0.0841393 
-0.0688753 
0.0779269 
0.523933 
0.160597 
0.0461344 
0.322081 
-0.511786 
-0.165931 
-0.973011 
-0.710248 
-1.11301 
-1.00728 
-0.456552 
-0.839242 
-0.471296 
0.207417 
-0.130269 
-1.00437 
-0.806513 
-1.4381 
-1.1926 
-1.17884 
-2.34108 
-1.28811 
-1.24507 
-1.18867 
-0.460305 
-1.0069 
-1.18968 
-1.53903 
-1.09727 
-1.09284 
-1.6269 
-1.62252 
-1.91813 
-1.6489 
-1.91857 
-1.51823 
-1.24229 
-0.427419 
-0.533729 
-0.823482 
-0.647716 
-1.09523 
-0.883574 
-0.742415 
-0.839385 
-0.703566 
-0.393363 
-0.476899 
0.0965453 
0.162424 
0.924268 
0.814298 
0.885372 
0.417926 
0.228362 
0.563887 
-0.22668 
-0.0380499 
0.571955 
0.548951 
1.26829 
1.42634 
1.36711 
1.10653 
1.83508 
1.12883 
1.45194 
1.36156 
1.06682 
0.944383 
1.6798 
1.14547 
1.23523 
1.53094 
1.76106 
1.32096 
1.91771 
2.32581 
1.6479 
1.70516 
0.935525 
0.785663 
1.07303 
0.276409 
0.946007 
1.02586 
1.02232 
1.43886 
1.03712 
0.560952 
0.90416 
0.587335 
0.375641 
-0.0414029 
0.319978 
-0.43592 
0.0118759 
0.470559 
0.414202 
0.397804 
0.402521 
0.167093 
0.183866 
0.440824 
0.252194 
-0.576092 
-1.2496 
-1.08698 
-1.03498 
-1.02562 
-1.10728 
0.18088 
-1.33547 
-0.655184 
-0.812921 
-0.769199 
-0.711389 
-1.13316 
-1.62675 
-1.32524 
-1.44257 
-1.35581 
-1.58557 
-0.910687 
-1.01547 
-0.228251 
-0.356202 
-0.605652 
-1.14753 
-1.97723 
-1.73927 
-2.01459 
-2.17188 
-1.43178 
-1.82366 
-1.59157 
-0.968373 
-0.822289 
-0.522515 
-0.805845 
-0.320922 
-0.519916 
-0.465544 
-1.10994 
-0.915874 
-1.45469 
-1.35841 
-0.452058 
-0.137228 
0.283069 
-0.0526314 
1.22553 
0.534857 
0.787147 
0.356871 
0.0278985 
0.423449 
0.349808 
-0.410923 
-0.257091 
0.405747 
0.593303 
1.40225 
1.19376 
1.27523 
1.16512 
1.72643 
1.10888 
0.906018 
1.08237 
0.679317 
1.23975 
1.41984 
1.55506 
1.41254 
1.7731 
1.56169 
1.41243 
1.31071 
1.83801 
0.895886 
0.826089 
0.523587 
0.580105 
-0.221977 
0.867954 
0.637231 
1.10168 
1.51942 
1.26141 
1.87425 
0.892664 
0.48704 
-0.0735993 
-0.134669 
-0.586719 
0.0460104 
0.378869 
0.59698 
0.0411976 
-0.0916143 
0.828401 
0.983188 
0.163605 
-0.539729 
-0.133995 
-1.05838 
-1.19214 
-0.694809 
-1.43595 
-1.35276 
-0.363789 
-0.558204 
-0.493973 
-0.514283 
-0.444608 
-0.786574 
-1.35805 
-1.38409 
-1.69666 
-2.00737 
-2.01168 
-1.22833 
-1.26872 
-1.06783 
-1.17868 
-1.33568 
-0.937476 
-1.16452 
-0.805684 
-1.46132 
-1.22715 
-2.15134 
-2.06314 
-1.85721 
-1.00854 
-0.0752546 
-0.575106 
-0.85585 
-0.260009 
-1.06968 
-1.17197 
-0.697718 
-1.07513 
-0.908971 
-0.540697 
-0.881594 
-0.354582 
-0.800806 
0.291977 
1.04587 
0.876237 
0.0175764 
0.286865 
0.163314 
0.337336 
0.353955 
0.264588 
0.164094 
0.00986767 
0.390366 
1.36021 
0.657093 
1.22226 
1.51055 
1.06545 
1.38393 
1.09016 
0.647342 
0.861112 
0.772111 
0.90113 
0.998857 
1.25996 
1.18306 
1.56053 
1.85743 
1.41156 
2.01342 
1.09268 
1.47937 
1.22119 
0.554384 
0.895468 
1.07294 
0.920054 
1.32774 
1.1522 
1.98182 
0.977876 
0.825914 
1.42805 
0.723893 
0.596085 
0.0754086 
-0.354056 
-0.796314 
0.312589 
0.0489171 
0.462826 
0.619101 
0.21746 
0.0562567 
0.600961 
-0.228268 
-0.800417 
-1.53905 
-1.19755 
-1.18076 
-0.667791 
-0.887978 
-0.940056 
-0.504669 
-0.874236 
-0.798921 
-0.844838 
-1.34352 
-1.557 
-1.67294 
-1.71724 
-1.85361 
-2.02386 
-1.77688 
-1.11573 
-0.934715 
-0.854795 
-1.49645 
-1.46784 
-1.93143 
-0.678237 
-1.42512 
-1.79864 
-2.12291 
-2.23472 
-1.35897 
-0.761788 
-1.52485 
-0.722893 
-0.488352 
-1.08179 
-0.316269 
-0.859293 
-0.399434 
-1.01702 
-0.908754 
-1.49135 
-1.18379 
-1.13153 
-0.116422 
0.619048 
0.225832 
0.653047 
0.303303 
0.504153 
0.578368 
0.138127 
-0.246816 
-0.171131 
-0.106181 
0.423576 
0.191521 
0.861994 
1.77061 
1.43884 
1.43114 
0.619412 
1.14092 
0.450799 
0.926092 
0.896271 
1.13475 
1.38125 
0.944117 
1.22852 
1.98093 
2.11922 
2.01758 
1.95604 
1.12645 
1.50615 
1.0699 
0.789225 
0.496756 
1.24121 
0.699282 
0.560194 
1.35385 
2.04777 
1.61985 
1.37632 
0.994608 
1.40602 
0.874185 
0.582435 
-0.254131 
0.225884 
0.20872 
-0.139282 
0.419468 
0.136393 
0.484475 
0.515621 
0.421121 
-0.128151 
-0.404173 
-0.346075 
-0.435326 
-1.57995 
-0.307615 
-0.508755 
-0.68094 
-0.891287 
-0.752651 
-0.215877 
-0.948748 
-0.808294 
-0.791157 
-0.963969 
-1.35531 
-1.63184 
-1.87809 
-1.83483 
-1.49175 
-1.63567 
-0.618689 
-0.68561 
-0.622543 
-0.803252 
-0.968135 
-0.284664 
-1.58972 
-2.06462 
-0.968183 
-1.39283 
-1.71694 
-0.590155 
-0.851481 
-0.781853 
-0.601549 
-0.864288 
-1.2169 
-0.91369 
-1.30404 
-0.908403 
-1.26104 
-0.248677 
-0.323409 
-0.656054 
-0.266209 
0.562251 
-0.193197 
0.565098 
0.476323 
0.378895 
0.0959941 
0.374292 
-0.22776 
-0.248971 
0.119924 
0.329813 
0.867892 
0.752503 
1.53414 
0.557076 
1.49955 
2.1502 
1.66216 
1.36162 
0.718923 
0.753962 
1.05679 
0.86521 
1.0598 
1.1971 
1.74804 
1.52902 
2.15468 
2.75431 
1.37929 
1.53184 
0.560301 
1.35961 
1.35839 
0.162517 
1.51197 
0.772407 
1.42251 
1.77531 
1.47459 
2.10712 
2.25834 
0.896412 
-0.167237 
0.187784 
0.00154994 
-0.286812 
-0.191187 
0.128332 
0.835498 
0.089923 
0.469015 
0.988838 
0.733738 
0.22447 
-0.0216346 
-0.472184 
-0.77002 
-0.830395 
-1.14657 
-1.37596 
-0.723163 
-0.572566 
-0.668813 
-0.362802 
-0.0226905 
-0.55152 
-0.944641 
-1.17318 
-1.53538 
-1.99132 
-1.72453 
-1.37609 
-1.69949 
-0.730715 
-1.04322 
-1.06434 
-1.18542 
-1.40523 
-1.47748 
-1.25035 
-1.03443 
-1.60344 
-1.56447 
-1.19808 
-2.53895 
-1.13296 
-0.7271 
-0.473713 
-0.875482 
-0.746992 
-0.200385 
-0.892727 
-0.539745 
-1.46324 
-1.61211 
-0.731888 
-0.619383 
0.0126113 
-0.829979 
-0.300439 
-0.0627756 
0.551916 
0.169398 
1.05867 
-0.274018 
-0.372154 
0.100101 
0.602379 
0.02179 
-0.0384913 
0.743358 
0.546218 
1.28532 
1.53653 
1.69739 
0.624204 
1.25265 
0.874542 
1.34973 
1.25435 
0.892063 
1.44858 
0.725382 
1.13132 
2.13731 
2.14373 
2.19816 
1.94761 
1.29075 
1.6604 
0.796858 
1.30412 
1.0077 
1.30519 
0.702682 
1.22307 
1.75433 
1.05253 
1.46761 
2.10206 
1.3604 
0.7206 
0.606916 
0.0759364 
0.105928 
-0.159059 
0.17725 
0.174747 
0.838649 
0.501196 
1.20788 
-0.156885 
0.23897 
0.297856 
-0.508586 
-0.861729 
-0.455919 
-0.736034 
-1.13413 
-0.741329 
-0.951874 
-0.817759 
-0.654688 
-0.825235 
-0.467151 
0.160283 
-1.07591 
-1.03937 
-2.02132 
-1.4442 
-2.15587 
-1.60253 
-1.62616 
-1.16516 
-1.27608 
-1.01443 
-0.0899952 
-1.02479 
-1.21498 
-0.308704 
-1.86305 
-1.4113 
-2.05362 
-1.29214 
-1.26283 
-1.04137 
-1.16515 
-0.709693 
-0.0625608 
-1.30206 
-1.05061 
-0.486165 
-0.89891 
-1.09226 
-1.43864 
-1.37753 
-0.848348 
-0.660838 
-0.51913 
-0.0401987 
-0.0898888 
0.872098 
0.296381 
0.854916 
0.348391 
-0.478343 
-0.37267 
0.462608 
0.405986 
0.486274 
0.764856 
1.37308 
0.638224 
1.11301 
0.876505 
1.09164 
1.76834 
1.43024 
1.83025 
0.983342 
0.00473511 
1.57094 
1.63904 
1.17569 
1.54024 
2.03484 
1.86945 
2.18447 
1.60736 
1.54709 
1.20883 
0.465471 
1.28849 
0.857568 
1.26227 
0.74124 
0.993404 
1.58335 
1.26054 
1.91411 
1.35427 
1.17895 
0.298828 
0.205122 
0.199765 
-0.0247186 
0.651762 
0.505418 
0.0364752 
0.750007 
1.1897 
0.505502 
0.938438 
0.499953 
-0.26943 
-0.261704 
-0.746295 
-1.06154 
-1.08987 
-1.03998 
-0.790144 
-0.162896 
-0.55511 
0.307499 
-0.73743 
-0.541257 
-0.598354 
-0.424643 
-1.51711 
-2.00805 
-1.68938 
-2.05875 
-1.84457 
-1.42796 
-0.767126 
-0.597496 
-0.820531 
-0.716382 
-1.32826 
-1.20942 
-1.11088 
-1.87747 
-1.78789 
-1.77904 
-1.20704 
-0.832551 
-0.35991 
-0.638386 
-0.384795 
-0.489802 
-0.071109 
-0.881888 
-0.944403 
-0.0691614 
-0.62491 
-0.752949 
-1.15708 
-0.390223 
0.0493383 
-0.367108 
0.152095 
0.411939 
0.80435 
0.128586 
0.642808 
0.853124 
0.0236908 
-0.110441 
0.430816 
0.574487 
0.986624 
0.920112 
0.956709 
1.26343 
1.81765 
2.01938 
1.55139 
0.794497 
1.19404 
0.921007 
0.598047 
1.02728 
0.684445 
1.19248 
1.31697 
1.79497 
2.01322 
2.08947 
1.63355 
1.20522 
0.969583 
1.05858 
1.16808 
0.896145 
0.979506 
1.29034 
1.32195 
0.830975 
0.842706 
0.772285 
1.2697 
0.77214 
0.408438 
0.259689 
0.0596968 
-0.325994 
0.371279 
0.3481 
0.924403 
0.490852 
0.579152 
0.132531 
0.337658 
-0.0556003 
-0.812771 
-0.489897 
-0.571536 
-1.04595 
-0.703874 
-0.760262 
-0.416115 
-0.352758 
-1.43298 
-0.598574 
-0.103793 
-0.633546 
-1.00985 
-1.27528 
-1.18412 
-1.50953 
-1.94055 
-1.86513 
-1.81618 
-1.05126 
-0.84994 
-0.86428 
-0.963336 
-1.18541 
-1.05515 
-1.10191 
-1.98129 
-1.65428 
-1.57932 
-1.77452 
-1.06434 
-1.2305 
-1.12375 
-0.577835 
-0.490132 
-0.282475 
-0.213086 
-0.712483 
-0.748975 
-0.424992 
-0.740869 
-0.917544 
-0.911461 
-0.686011 
-0.307119 
0.131564 
-0.388527 
0.128792 
0.858371 
0.173342 
1.06936 
-0.466029 
0.0124951 
-0.0541288 
0.0169974 
0.630978 
0.467266 
1.4427 
1.28212 
0.865491 
0.557881 
1.31941 
1.64575 
1.28567 
0.789353 
0.998426 
0.175889 
1.2859 
0.689101 
1.34237 
1.40399 
1.69861 
1.15379 
2.1787 
1.83522 
1.89152 
1.42229 
0.729707 
0.400826 
0.13817 
0.796828 
1.1299 
1.82114 
1.03951 
1.66846 
1.40801 
0.898292 
1.11628 
0.767389 
0.243435 
0.801107 
0.382386 
0.135021 
0.139351 
0.33329 
0.676073 
0.773795 
0.126371 
0.0313076 
0.139766 
0.475617 
-0.77113 
-1.23054 
-1.07911 
-1.05553 
-0.997037 
-0.541867 
-0.505949 
-0.608253 
-0.454832 
-0.950667 
-0.850443 
-1.62726 
-1.45498 
-2.08997 
-2.09093 
-1.76224 
-1.93456 
-1.39321 
-1.39686 
-1.37267 
-0.485642 
-1.42095 
-1.05416 
-1.68659 
-1.57632 
-2.00375 
-2.0256 
-1.85132 
-2.1394 
-2.13524 
-1.21101 
-0.141867 
0.136831 
-0.611059 
-0.463371 
-0.721067 
-0.793664 
-1.19023 
-1.64212 
-1.08482 
-1.3718 
-1.58326 
0.261782 
-0.168782 
0.05821 
0.711006 
-0.257997 
0.518669 
0.687999 
0.265561 
0.212103 
-0.238465 
0.0615411 
-0.140652 
-0.0339566 
0.964463 
1.38232 
1.26345 
1.38762 
1.67244 
1.68021 
1.65802 
1.24105 
0.684551 
1.17838 
0.926032 
1.4589 
0.763284 
1.34015 
2.24357 
1.66027 
1.71006 
1.65955 
1.54011 
1.29648 
1.249 
0.725113 
0.943719 
0.506953 
0.87799 
0.7656 
1.23093 
2.54468 
2.77459 
1.7787 
1.60072 
0.713844 
0.275985 
0.195714 
0.130566 
0.331924 
-0.108115 
-0.0410605 
0.133517 
0.317099 
0.803823 
0.579024 
0.237075 
0.444374 
0.0432748 
-1.24827 
-0.900674 
-1.03434 
-1.75996 
-1.37901 
-1.00795 
-0.267965 
-0.635929 
-0.430831 
-0.994515 
-1.3133 
-0.764909 
-1.57891 
-1.05054 
-1.20182 
-1.9159 
-1.16886 
-1.21843 
-1.98214 
-1.02653 
-1.01693 
-0.816704 
-0.904007 
-0.790608 
-0.975584 
-1.60586 
-1.64401 
-2.50065 
-2.19243 
-0.941899 
-1.58743 
-0.707199 
-0.0174717 
-0.816444 
-0.815423 
-0.543465 
-0.53624 
-1.01735 
-1.22524 
-1.74586 
-1.07516 
-1.02551 
-0.909928 
-0.432025 
-0.394243 
0.370336 
-0.140115 
0.61965 
0.776556 
0.169151 
0.206122 
0.232534 
-0.0580408 
0.255916 
0.465878 
0.425109 
1.4256 
1.80871 
1.62897 
1.63209 
1.08329 
1.48265 
0.705121 
1.60404 
0.880181 
0.945288 
0.777933 
0.476834 
1.09821 
1.71003 
2.83011 
2.21208 
1.9904 
1.34605 
1.41985 
1.61526 
0.642942 
1.40725 
0.275801 
0.927891 
0.940777 
0.814887 
1.51342 
1.69249 
1.36234 
1.33616 
1.12721 
0.834031 
0.00755532 
0.196645 
0.0471833 
-0.326069 
-0.189085 
0.192272 
0.436436 
1.22629 
0.861045 
0.223792 
-0.0415163 
0.430528 
0.347344 
-0.748729 
-1.19051 
-1.58753 
-0.676761 
-0.641942 
-0.297738 
-0.839804 
-0.420715 
-0.899178 
-0.491307 
-0.983811 
-1.20597 
-1.65272 
-1.47845 
-1.74288 
-1.99759 
-1.89021 
-1.53906 
-0.967036 
-0.67141 
-1.62611 
-1.79503 
-1.04426 
-1.23603 
-1.50361 
-2.19152 
-2.21241 
-1.37143 
-1.68357 
-1.33836 
-0.385758 
-0.908163 
-0.644755 
-0.455132 
-0.0915352 
-0.808505 
-0.702773 
0.0564494 
-1.41525 
-0.814248 
-0.730468 
-1.01662 
-0.674807 
0.0694802 
1.26809 
0.0710622 
0.750674 
0.446668 
0.80768 
0.3776 
0.0918526 
0.272516 
-0.0571773 
0.746499 
0.4746 
0.564218 
1.40419 
2.10421 
1.05822 
1.50216 
1.81282 
0.246559 
0.986302 
0.940964 
0.971283 
0.692539 
1.28437 
1.38155 
1.83444 
2.20569 
1.71194 
2.41215 
1.4529 
1.04336 
1.15031 
1.16469 
0.775395 
0.908507 
0.984504 
2.12332 
0.800655 
1.21181 
1.43878 
1.33196 
1.66737 
1.03985 
0.419887 
0.5211 
0.536428 
-0.259087 
0.126237 
-0.267643 
0.220619 
0.0630523 
0.497526 
0.765189 
0.147561 
-0.095212 
-0.88513 
-1.16018 
-0.704708 
-0.819126 
-1.06229 
-1.01217 
-1.35424 
0.060758 
-0.442477 
0.109949 
-0.383701 
-0.988598 
-0.557122 
-0.803283 
-1.73693 
-1.127 
-1.18415 
-1.84877 
-1.80925 
-1.37043 
-0.877407 
-0.637015 
-0.853545 
-0.726103 
-0.59046 
-1.33219 
-1.49332 
-2.05295 
-2.15921 
-2.23528 
-2.03385 
-1.43279 
-1.64608 
-0.0656089 
-0.316605 
-1.24507 
-0.937011 
-0.52191 
-1.3081 
-1.13557 
-0.611525 
-1.10762 
-0.94338 
-0.816908 
-0.511328 
-0.27356 
0.283594 
0.241812 
0.925584 
0.787104 
0.609586 
0.020433 
-0.338992 
-0.212166 
0.273069 
0.62193 
0.434373 
1.09471 
1.42936 
1.78866 
0.914627 
1.46439 
1.50247 
0.878445 
1.09726 
0.703569 
0.721347 
0.872347 
1.22288 
1.28159 
1.8407 
1.14297 
1.57511 
0.690729 
1.849 
1.1434 
1.06809 
1.43998 
0.853332 
0.597438 
0.629096 
1.07745 
1.33489 
0.811261 
1.3495 
1.74473 
0.960843 
1.29811 
0.873656 
-0.0863638 
-0.476767 
0.242247 
0.3326 
0.223528 
0.666402 
0.0347515 
0.651994 
0.497841 
0.136083 
-0.510823 
0.00502416 
-0.378119 
-0.699122 
-0.313249 
-1.28604 
-0.892257 
-0.711877 
-0.444158 
-0.0376936 
-0.26772 
-0.681675 
-0.826699 
-0.720109 
-0.175848 
-1.07063 
-0.865064 
-1.46005 
-1.56109 
-1.43944 
-1.40071 
-0.615206 
-0.976885 
-1.53299 
-0.62531 
-1.83266 
-1.90261 
-1.42143 
-1.92863 
-2.24497 
-1.66303 
-1.67904 
-1.48959 
-0.894749 
-1.29668 
-0.992384 
-0.978468 
-0.532149 
-0.517049 
-0.951176 
-0.918444 
-0.823392 
-0.751967 
-0.649175 
-0.597408 
-0.66647 
-0.0747051 
0.17216 
1.13065 
1.13633 
0.590575 
0.140815 
0.483065 
-0.138317 
0.0877089 
0.146805 
0.210244 
1.01056 
1.11246 
1.60866 
1.27192 
1.66636 
1.27367 
1.54485 
1.12268 
1.47054 
1.33201 
0.864804 
0.63395 
0.960794 
0.618355 
1.4827 
1.22689 
2.14816 
2.12062 
1.52169 
1.22279 
1.05962 
1.5908 
1.36049 
0.701884 
1.13843 
0.811906 
1.38372 
1.68382 
1.70095 
0.986542 
1.54701 
0.49571 
0.53051 
0.773886 
0.170662 
-0.164076 
0.351536 
0.51691 
0.167035 
-0.198728 
0.247836 
0.380497 
0.157179 
0.200308 
-0.766996 
-0.331685 
-0.939032 
-0.787497 
-1.49991 
-0.916792 
-1.3192 
-0.992106 
-0.620234 
-0.364158 
-0.590485 
-0.451435 
-0.940527 
-0.598737 
-1.71842 
-1.31793 
-2.58655 
-1.52577 
-1.57422 
-1.58308 
-0.980879 
-0.531895 
-0.621161 
-0.76392 
-0.945139 
-1.67814 
-2.07323 
-1.78217 
-1.93042 
-1.52667 
-1.92489 
-1.4612 
-0.151092 
-0.995023 
0.135988 
-0.289558 
-0.682899 
-0.766332 
-0.902576 
-0.826351 
-0.620545 
-1.49631 
-0.203933 
-0.217044 
-0.516226 
0.189628 
0.621676 
0.465047 
0.888566 
0.915161 
0.244836 
-0.0613939 
0.223758 
0.234 
0.405881 
0.117053 
0.85334 
1.24792 
1.87549 
0.803357 
1.37472 
1.5471 
0.61532 
1.51758 
1.65607 
0.614396 
0.962201 
0.605316 
1.20055 
1.24308 
1.74307 
2.21948 
1.69648 
1.83879 
1.73708 
1.41469 
1.63751 
1.54951 
0.548731 
0.579192 
1.21664 
0.864959 
1.8592 
2.1537 
1.87475 
1.74869 
1.27969 
1.35827 
0.908171 
0.392318 
0.66671 
0.177503 
0.0488961 
0.411157 
0.806507 
0.305509 
0.454054 
1.25112 
0.309089 
0.509416 
0.0391308 
-0.0441025 
-0.538548 
-1.99628 
-1.15133 
-0.617204 
-0.866076 
0.0347599 
-0.226987 
-0.246918 
-0.372026 
-1.10934 
-0.274753 
-1.23421 
-2.11462 
-1.58041 
-1.95398 
-1.84026 
-1.34101 
-1.56732 
-1.76484 
-1.65019 
-0.863188 
-1.32779 
-0.84323 
-1.92314 
-1.7627 
-2.087 
-1.34782 
-1.84785 
-1.06848 
-0.970635 
-0.62764 
-0.923956 
-0.272937 
-0.0667698 
-1.35782 
-0.740115 
-1.09271 
-0.915406 
-1.27408 
-1.11172 
-0.651168 
-0.365757 
-0.280669 
-0.217326 
0.451591 
0.454619 
0.0168498 
0.557207 
0.172607 
0.00909319 
0.350404 
0.306506 
0.669751 
-0.0431567 
0.254995 
1.08506 
1.59302 
1.79357 
1.5012 
1.31658 
0.833436 
1.27629 
0.890502 
0.26465 
0.697696 
0.485099 
1.31341 
1.25029 
2.04248 
1.18451 
2.41523 
1.72656 
1.55252 
1.50908 
1.57579 
0.459154 
1.12652 
0.34392 
0.660367 
1.05768 
1.45637 
1.27659 
1.6538 
1.40824 
1.22078 
1.26219 
0.124619 
0.516309 
0.0800199 
0.101962 
-0.338281 
0.277567 
0.581109 
0.715477 
0.484957 
-0.0310904 
-0.0858713 
0.059906 
0.0164542 
-0.283836 
-1.15888 
-0.0703923 
-0.836774 
-0.555177 
-1.01864 
-0.837671 
-0.391006 
-0.0960579 
0.0150199 
-1.03581 
-1.51494 
-0.916608 
-1.28542 
-2.11862 
-1.93031 
-2.19838 
-1.27674 
-1.17114 
-1.09763 
-0.889439 
-1.16702 
-0.588615 
-1.08665 
-1.63519 
-1.83059 
-1.91016 
-2.19008 
-1.33903 
-1.13259 
-0.314582 
-0.673105 
-1.10846 
-0.486277 
-0.788327 
-0.601795 
-0.932808 
-1.31249 
-0.961885 
-1.27853 
-0.639365 
-0.485268 
-0.202794 
-0.4136 
0.381127 
0.902973 
0.700021 
0.541368 
1.02744 
-0.539209 
0.0803783 
0.791929 
-0.226912 
-0.0264867 
0.0211337 
0.877717 
0.40478 
1.00612 
1.76177 
1.6085 
1.62876 
1.41308 
1.48215 
0.533964 
0.794541 
0.20947 
1.09314 
1.14505 
1.44524 
1.47117 
1.98212 
2.32034 
1.07688 
1.01301 
0.95221 
1.45457 
0.935855 
0.662039 
1.22236 
0.989512 
0.415172 
1.07752 
1.02474 
1.90922 
1.23162 
0.819869 
0.668775 
0.386321 
0.507015 
0.352185 
-0.075943 
0.0943014 
0.112742 
-0.031218 
0.590963 
0.284911 
0.0404425 
-0.0409761 
0.381414 
0.0383879 
-1.11896 
-0.835136 
-0.995806 
-1.29625 
-0.541795 
-0.889733 
-0.544815 
-0.888256 
-0.0625856 
-0.176868 
-0.727193 
-1.18711 
-1.14469 
-1.92797 
-1.69401 
-1.48263 
-1.88242 
-1.7376 
-0.74502 
-1.36435 
-0.653583 
-1.30193 
-0.949043 
-0.862019 
-1.38941 
-1.65062 
-1.20224 
-2.18966 
-1.49452 
-2.12332 
-1.30526 
-0.367755 
-0.469416 
-0.35553 
-0.715953 
-0.163604 
-0.378669 
-0.853931 
-0.415368 
-1.27723 
-1.79438 
-1.13374 
-0.729069 
-0.232117 
-0.259672 
0.899934 
-0.0147503 
0.382828 
0.0793969 
0.162079 
-0.158082 
0.206404 
-0.491709 
0.000467732 
0.360181 
0.962949 
0.187301 
1.92695 
1.32646 
1.57948 
1.67384 
1.83386 
0.745187 
0.773539 
0.721341 
0.499454 
0.886547 
1.44522 
1.33358 
1.81875 
2.85191 
1.82351 
2.21693 
1.51271 
1.29056 
0.823389 
0.976347 
0.525631 
0.057289 
0.950088 
1.07894 
1.39364 
1.61392 
1.61899 
1.55727 
0.680852 
0.563935 
0.763836 
0.620362 
-0.353416 
0.41836 
0.186746 
0.287716 
0.199056 
0.510318 
1.18087 
0.41084 
-0.0516339 
0.568351 
-0.69806 
-0.0853246 
-1.01893 
-0.479867 
-1.37773 
-1.39711 
-0.568213 
-1.19841 
-0.124917 
-0.29219 
-0.597886 
-0.699267 
-0.338943 
-1.31438 
-1.4402 
-2.11292 
-1.87863 
-2.00856 
-1.17457 
-1.51539 
-1.28317 
-1.04977 
-0.509529 
-1.20477 
-0.863607 
-1.63813 
-1.69233 
-2.45301 
-1.73457 
-1.61123 
-1.63979 
-1.20248 
-0.97686 
-0.212544 
-0.56815 
-0.129783 
-0.495558 
-0.77544 
-0.962695 
-0.885374 
-0.938499 
-0.941145 
-1.26807 
-0.410933 
0.19831 
-0.207705 
-0.0592593 
0.684652 
0.459935 
0.210547 
-0.0647901 
-0.496853 
0.0941139 
-0.197887 
0.389864 
-0.230905 
0.965732 
1.13602 
0.865981 
1.67991 
1.48637 
1.54801 
1.48688 
0.63103 
-0.0423572 
0.784576 
0.79687 
0.668342 
1.43073 
1.25038 
1.92714 
2.02192 
1.6551 
2.27049 
1.79267 
1.895 
0.801094 
0.465562 
0.754151 
1.14937 
1.26002 
1.03705 
1.14687 
1.54749 
2.22508 
1.84401 
1.10387 
0.831804 
0.842038 
0.277882 
0.264365 
0.40274 
0.273692 
0.485019 
0.636378 
1.14088 
-0.25432 
-0.176151 
-0.161148 
-0.748771 
-0.322244 
-0.679085 
-0.603639 
-0.986485 
-1.48536 
-1.42774 
-0.676663 
-0.716803 
-1.03463 
-0.415497 
-0.595017 
-0.844222 
-0.679077 
-1.32284 
-1.69079 
-1.68475 
-1.53038 
-1.77525 
-1.74071 
-1.25288 
-1.13547 
-0.917665 
-1.09421 
-0.999114 
-0.750457 
-1.35722 
-1.33447 
-1.834 
-1.61016 
-1.91456 
-1.70596 
-1.4594 
-1.31326 
-0.0980139 
-0.607239 
-0.198193 
-0.327082 
0.0350412 
-0.566998 
-1.48464 
-1.30852 
-0.679932 
-0.589737 
0.134056 
-0.383276 
-0.517434 
0.593934 
0.0204818 
0.525238 
0.935421 
0.235325 
0.34144 
0.0286262 
0.16286 
0.155808 
-0.540034 
0.725243 
1.25847 
1.00674 
0.930206 
1.64676 
1.10975 
0.91365 
1.19685 
0.668096 
1.22884 
0.297146 
0.78079 
1.39881 
1.4316 
1.86775 
2.10229 
1.86845 
1.76715 
1.75289 
1.23693 
1.10571 
1.11138 
0.182623 
1.37544 
0.768369 
1.43274 
1.74466 
0.902399 
1.50093 
2.63243 
1.01359 
0.975119 
0.868675 
0.585035 
0.666735 
-0.414311 
-0.252868 
0.0566805 
0.309823 
1.11469 
0.79965 
0.700811 
-0.107863 
-0.154123 
0.0920947 
-0.597674 
-0.45234 
-1.23527 
-0.628225 
-1.48773 
-0.474268 
-0.436517 
-0.430159 
-0.816865 
-0.706148 
-0.496543 
-0.42865 
-1.72668 
-1.06325 
-0.724302 
-1.97777 
-1.74971 
-1.83056 
-1.99774 
-0.499669 
-0.560291 
-0.933904 
-1.06576 
-1.13513 
-1.87913 
-2.46741 
-1.67095 
-2.02484 
-2.02788 
-1.62991 
-1.85112 
-1.14304 
-0.58841 
-0.716161 
-0.28006 
-0.513737 
-0.734967 
-1.39796 
-1.23801 
-0.74943 
-1.24639 
-0.582734 
0.271333 
-0.1518 
0.303155 
1.15837 
0.992299 
0.789555 
1.06335 
-0.15753 
-0.208071 
0.788865 
0.00560829 
0.130055 
0.620532 
0.579955 
1.04795 
1.25454 
1.41969 
1.02003 
1.48399 
1.13735 
1.73593 
0.966164 
1.16538 
0.603374 
0.953101 
1.75654 
1.9888 
1.54845 
2.36445 
1.88626 
1.76207 
2.51727 
1.94599 
1.56666 
0.883562 
0.740517 
0.748962 
1.41987 
0.311942 
1.09312 
1.50053 
1.45416 
0.655348 
1.42509 
1.16485 
0.27837 
0.253708 
-0.363727 
0.560365 
0.0120244 
-0.0199429 
-0.139092 
0.654476 
0.908163 
0.468088 
0.449253 
-0.152291 
-0.373631 
-0.332638 
-1.37662 
-0.593206 
-0.321861 
-1.56197 
-1.68497 
-0.83744 
-0.18807 
-0.549481 
-0.790767 
-0.854814 
-1.19828 
-1.80918 
-1.00833 
-1.51791 
-2.06592 
-1.3172 
-1.88537 
-1.3755 
-0.771446 
-1.04305 
-0.906753 
-0.935757 
-0.366599 
-1.0042 
-1.87198 
-1.80753 
-1.87324 
-1.47752 
-1.63219 
-1.36168 
-0.895685 
-0.661756 
-0.45391 
-0.227129 
-0.1455 
-0.638286 
-0.586244 
-0.318014 
-1.37991 
-1.19136 
-1.42564 
-0.122976 
-0.0626651 
-0.00316037 
-0.319079 
0.506193 
0.432435 
-0.153715 
0.0787722 
-0.00300977 
-0.145343 
-0.727032 
0.110853 
0.596391 
0.710976 
0.600079 
1.34375 
1.75667 
1.51644 
1.10396 
0.991791 
0.86866 
1.16779 
0.855726 
1.25296 
1.24371 
1.13352 
1.7965 
2.12578 
2.03662 
2.16748 
1.69371 
1.3858 
1.26365 
1.17616 
0.514428 
1.13102 
0.94471 
0.840242 
1.2508 
1.29061 
1.55107 
1.48787 
1.6512 
1.28222 
0.195852 
0.38918 
0.536077 
0.520789 
0.588215 
-0.212826 
0.359386 
0.207853 
0.230908 
0.646047 
0.428021 
0.211277 
0.0551373 
-0.39177 
-0.867927 
-0.551276 
-1.12426 
-0.622462 
-1.30414 
-1.1769 
0.0105758 
-0.104118 
-0.718212 
-0.487139 
-0.111115 
-0.606517 
-1.72178 
-0.939531 
-1.51403 
-1.64163 
-1.65982 
-1.98428 
-1.23087 
-1.20939 
-0.262716 
-0.961259 
-0.97371 
-1.25432 
-1.35598 
-0.798356 
-1.69004 
-1.96327 
-1.49493 
-1.39902 
-1.48605 
-1.10057 
-0.725058 
0.184668 
-0.150456 
-0.677604 
-0.267606 
-0.801145 
-0.996205 
-1.61693 
-0.692638 
-1.40804 
-0.90767 
-0.0646782 
0.340617 
-0.100368 
0.322421 
0.605787 
0.639561 
-0.366539 
-0.262151 
-0.439712 
-0.0332106 
-0.544384 
0.59889 
0.491394 
0.787411 
1.89791 
2.21162 
1.07391 
1.28518 
1.80868 
1.05237 
1.4037 
1.09066 
0.90249 
0.816031 
1.6312 
1.71914 
1.35304 
2.02681 
1.5829 
1.8992 
2.29668 
1.60551 
0.994235 
1.19409 
0.434433 
1.36389 
0.419496 
0.882046 
1.38159 
1.05019 
1.63947 
1.72289 
1.74301 
0.822484 
0.744792 
0.303521 
0.0729878 
0.226029 
-0.198397 
0.263819 
0.246543 
0.342646 
0.545199 
0.937418 
0.683006 
0.396209 
-0.292119 
-0.583989 
-0.739752 
-1.08131 
-1.0583 
-0.533012 
-0.227902 
-0.443811 
0.0736424 
-0.911851 
-0.504159 
-0.620242 
-0.428975 
-1.21653 
-1.84515 
-1.64492 
-1.48173 
-1.70302 
-2.1649 
-1.168 
-2.41686 
-0.745794 
-1.49109 
-1.03934 
-0.714975 
-1.59253 
-1.10534 
-1.61506 
-1.94397 
-1.87691 
-1.61727 
-1.09065 
-1.73932 
-0.554657 
-0.255119 
-0.213989 
0.0450935 
-0.709016 
-1.03695 
-0.453688 
-0.909916 
-1.23675 
-1.19214 
-0.379853 
-0.588607 
0.318606 
0.0614392 
0.148701 
1.01184 
0.446514 
0.614669 
-0.312431 
0.0716984 
-0.235107 
0.399898 
0.864946 
1.02003 
0.4008 
1.64668 
1.40041 
1.42734 
1.35098 
0.609115 
1.34048 
0.832646 
0.861157 
0.918734 
1.87022 
1.86681 
1.0485 
1.46553 
2.36326 
1.39892 
2.15588 
1.35086 
1.97379 
0.934822 
0.451807 
1.76281 
0.989137 
0.844736 
0.94721 
1.70819 
1.7252 
0.787984 
1.2292 
2.17519 
0.790952 
-0.103826 
-0.13965 
-0.183305 
0.255236 
-0.0712393 
0.0125894 
0.122901 
-0.0421966 
0.863908 
0.382567 
0.382108 
0.211373 
-0.43631 
-0.827635 
-0.772549 
-0.227732 
-0.943533 
-1.05562 
-1.07101 
-0.672068 
-1.22386 
0.0537056 
-0.36533 
-1.19332 
-0.889041 
-1.65512 
-1.52713 
-1.69615 
-1.9608 
-1.73455 
-1.32029 
-1.77991 
-1.46824 
-1.18157 
-1.18658 
-0.647321 
-1.7284 
-0.923615 
-1.59772 
-1.96586 
-1.82474 
-1.47976 
-0.816207 
-1.43209 
-0.31767 
-0.939022 
-0.519606 
-0.604646 
-0.294962 
-0.982497 
-1.16547 
-0.897418 
-0.718904 
-1.37423 
-0.694903 
-0.273722 
-0.0894873 
-0.217745 
0.461888 
0.864193 
0.710758 
-0.14354 
0.890226 
-0.0158692 
-0.354689 
-0.609432 
0.224454 
0.508981 
0.554919 
0.592858 
0.79759 
2.35351 
2.18174 
1.5166 
1.4304 
1.33385 
0.764303 
0.704382 
1.08894 
0.426674 
1.72129 
0.774426 
1.6337 
1.98011 
1.96929 
1.4162 
1.97351 
1.51507 
1.04494 
1.19633 
1.01803 
1.38083 
0.963591 
1.00156 
1.07798 
0.941476 
1.72692 
0.806746 
1.23404 
1.05823 
0.948813 
-0.448453 
0.243703 
0.0260389 
-0.428392 
0.27818 
0.350769 
0.177862 
0.120538 
1.05099 
0.402896 
-0.334971 
0.291132 
-0.3855 
-1.46303 
-0.715511 
-1.48948 
-1.28964 
-0.932694 
-0.658017 
-0.373356 
-0.945449 
-0.179277 
-0.272114 
-0.455962 
-1.65599 
-1.84285 
-1.89203 
-1.88752 
-1.6132 
-1.74785 
-1.04225 
-0.754344 
-0.931036 
-1.21817 
-1.41771 
-0.768636 
-0.861864 
-2.19599 
-2.59549 
-1.13199 
-1.81305 
-1.32687 
-0.889566 
-1.26836 
-0.840894 
-0.795358 
-0.387937 
-0.0539038 
-0.648525 
-1.74857 
-0.76771 
-0.998316 
-1.25042 
-1.37409 
-0.353763 
0.00346671 
0.119202 
0.144624 
0.273783 
0.351866 
1.04109 
-0.112815 
0.194065 
-0.409719 
0.287156 
0.105071 
0.236481 
1.07926 
1.30093 
1.50646 
0.619987 
1.44673 
1.80703 
1.43658 
1.30453 
1.79289 
1.29657 
0.51845 
0.632342 
1.28723 
1.26893 
1.67477 
2.29527 
1.6697 
1.82783 
1.64626 
1.80261 
1.57549 
0.707286 
0.754687 
1.14911 
1.23844 
1.22923 
2.35112 
1.39687 
1.81252 
1.3905 
1.31091 
0.887732 
1.04112 
1.12715 
0.341995 
-0.0207644 
-0.0735668 
0.10752 
-0.219479 
0.380216 
0.233791 
0.974443 
0.564232 
0.180217 
0.147696 
-1.15339 
-0.878239 
-1.41998 
-1.44184 
-0.748046 
-0.368821 
-0.855986 
-0.214319 
0.0504278 
-0.918651 
-1.22814 
-0.951161 
-1.16713 
-1.54601 
-2.15447 
-1.8011 
-1.66678 
-1.82061 
-1.72911 
-1.03793 
-0.879051 
-1.17319 
-1.24071 
-1.24501 
-1.69932 
-2.01306 
-1.44606 
-2.02571 
-2.12486 
-1.67346 
-1.10359 
-1.00135 
-0.0382202 
-0.804903 
-0.550201 
-0.761362 
-0.164867 
-1.14731 
-0.871218 
-1.42175 
-1.1772 
-0.523701 
-0.846023 
-0.155523 
0.326284 
0.830373 
0.703739 
0.854279 
0.22448 
-0.06167 
0.257868 
-0.438804 
0.427263 
0.279207 
0.740776 
0.918707 
1.06211 
0.939566 
1.42175 
1.87472 
1.6922 
1.41458 
1.54924 
1.17317 
1.28101 
0.985258 
1.11258 
0.573573 
1.80595 
1.0046 
1.85475 
1.7005 
1.42156 
1.69166 
1.49496 
1.5179 
1.09825 
0.868953 
0.914424 
1.28854 
1.56303 
1.4582 
1.29237 
2.17942 
1.49007 
1.62495 
0.738125 
0.554231 
0.64911 
0.168116 
0.28809 
-0.261054 
0.660724 
0.198511 
0.368185 
1.062 
1.1313 
-0.553003 
0.155734 
-0.431823 
-0.8187 
-1.08964 
-0.65709 
-0.652527 
-0.70091 
-0.517912 
-0.423168 
-0.129394 
-0.251151 
-0.421002 
-0.382575 
-1.03586 
-1.23081 
-1.45343 
-1.9148 
-1.64716 
-0.853756 
-2.08466 
-1.5521 
-1.08045 
-1.0307 
-1.15431 
-1.04147 
-0.706909 
-1.55912 
-1.87982 
-2.3532 
-1.64399 
-1.84977 
-1.15443 
-1.67774 
-0.803221 
-0.596035 
-0.136924 
-0.251494 
-0.765095 
-0.66757 
-0.979344 
-0.387547 
-1.34214 
-1.35054 
-0.792695 
-0.226806 
-0.112097 
0.293514 
1.11457 
0.470385 
0.576576 
-0.00549646 
-0.0732795 
-0.0682564 
0.247667 
0.744845 
0.442744 
0.116581 
0.642751 
0.81882 
1.20665 
1.85528 
1.73871 
1.82504 
1.66617 
0.804806 
1.31219 
0.362778 
0.886168 
1.00287 
1.68054 
0.76008 
1.63146 
1.744 
2.10949 
2.15061 
2.01898 
1.73307 
1.29797 
1.63645 
0.557427 
0.892986 
0.657417 
1.21838 
1.57512 
0.966438 
1.4729 
0.998894 
1.49145 
0.445545 
0.0534452 
0.930597 
0.199678 
-0.799624 
-0.402756 
0.0924841 
0.40682 
0.688535 
0.880824 
0.688402 
0.143776 
0.360679 
0.615247 
-0.397847 
-0.884628 
-0.863168 
-1.3727 
-1.32713 
-0.986036 
-0.732529 
-0.366916 
-0.674396 
-0.78601 
-0.99895 
-0.586467 
-1.28177 
-1.40435 
-1.7114 
-1.78371 
-2.57212 
-1.27702 
-1.19074 
-1.22223 
-0.896053 
-1.05629 
-0.331264 
-1.141 
-1.43332 
-2.00963 
-1.81086 
-2.31431 
-1.29862 
-1.24503 
-1.35752 
-0.0776611 
-0.361382 
-0.210916 
0.350125 
-1.39915 
-0.898097 
-0.859384 
-0.803955 
-1.50058 
-0.696826 
-1.56454 
-0.465376 
-0.0673964 
0.178548 
0.519192 
0.231699 
0.654226 
0.324585 
-0.458591 
-0.116688 
-0.165312 
-0.412191 
0.162513 
0.395114 
0.470672 
0.929454 
1.71626 
1.84604 
1.26135 
1.27411 
1.72434 
1.69931 
1.18298 
0.867775 
0.692366 
1.14943 
1.02581 
1.24718 
1.70905 
2.31509 
1.92173 
2.05891 
2.08178 
1.65919 
0.841874 
1.34617 
0.967135 
0.704368 
0.775589 
0.924268 
1.30674 
1.02057 
1.18998 
0.95259 
0.976875 
0.607353 
0.998667 
0.771202 
0.529521 
0.244547 
0.373799 
0.502429 
0.718742 
0.289056 
0.843893 
0.110306 
0.45673 
-0.0328643 
-0.478841 
-0.519837 
-1.15742 
-0.910148 
-0.599162 
-0.938677 
-0.754642 
-0.560228 
-0.262015 
-0.613463 
-0.618952 
0.251276 
-0.543883 
-1.44057 
-1.30253 
-1.91054 
-1.87985 
-1.47511 
-1.3928 
-1.40138 
-1.0951 
-0.278933 
-1.48596 
-1.44798 
-0.797766 
-1.37728 
-1.58169 
-1.52722 
-0.976804 
-2.3503 
-1.75493 
-1.24659 
-0.984814 
-0.487762 
-0.826485 
0.0794824 
-1.03168 
-0.785374 
-0.552458 
-0.984729 
-1.1328 
-1.10266 
-0.913149 
-0.602172 
0.172264 
0.171367 
0.248714 
0.205995 
0.725338 
-0.13253 
-0.45111 
0.135226 
-0.291611 
-0.29558 
0.465218 
0.658266 
1.18217 
0.545912 
1.38993 
1.67558 
2.04422 
1.53587 
1.60661 
1.38361 
0.670836 
0.475966 
0.52436 
0.868935 
1.37717 
1.06901 
1.81948 
1.76671 
1.93094 
2.04576 
1.9111 
1.89943 
0.629312 
0.768909 
0.84117 
0.276253 
1.73137 
1.15869 
0.914407 
1.81734 
1.78252 
1.52474 
1.03934 
0.566896 
0.258079 
0.179988 
0.342063 
0.298549 
-0.258214 
0.238407 
0.457709 
0.243948 
0.362243 
0.884609 
0.133046 
-0.157377 
-0.334365 
-0.56361 
-1.52533 
-0.428957 
-1.72099 
-1.64758 
-0.242406 
-0.570258 
-0.608394 
-0.622912 
-0.396584 
-0.996866 
-0.634113 
-1.09404 
-1.74668 
-1.59184 
-2.11836 
-1.95835 
-1.75577 
-0.984292 
-1.14165 
-1.16059 
-1.13227 
-1.50689 
-1.19134 
-0.804603 
-1.21953 
-1.52278 
-1.8009 
-1.91026 
-1.34425 
-0.85263 
-0.740985 
-1.31322 
-0.626639 
-0.605081 
-0.653975 
-0.200735 
-1.08986 
-1.61703 
-1.19411 
-0.947401 
-0.878816 
-0.084095 
0.109836 
0.0551699 
0.189165 
0.446842 
0.38415 
0.502844 
0.637828 
0.0942369 
-0.0309792 
-0.0350908 
-0.406472 
0.738876 
0.700222 
0.652218 
1.35311 
1.1549 
1.81027 
1.76636 
1.53826 
1.015 
0.780596 
1.62369 
0.646873 
0.835167 
1.37997 
1.83063 
1.88699 
2.11293 
1.83941 
2.70998 
2.1198 
1.16284 
0.667133 
0.222315 
1.51295 
0.342902 
1.42488 
1.3197 
0.674328 
2.1839 
1.56557 
1.87965 
1.21006 
1.02581 
0.23896 
0.17109 
0.369498 
-0.347336 
-0.028286 
0.00761331 
0.151828 
0.684173 
0.164884 
0.408484 
0.412091 
-0.16628 
-0.0442427 
-0.719926 
-1.30671 
-0.80818 
-0.691934 
-0.606654 
-0.723446 
-0.332776 
-0.263694 
-0.505813 
-0.731916 
-0.810702 
-0.663534 
-1.73366 
-1.69952 
-1.36166 
-1.47171 
-1.85749 
-1.61888 
-1.50206 
-1.20386 
-1.76666 
-0.865173 
-0.88742 
-0.440992 
-2.03488 
-1.66731 
-1.83593 
-2.12865 
-1.85434 
-2.35987 
-1.31712 
-1.02439 
-0.362314 
-0.439989 
-0.314526 
-0.0288101 
-0.600339 
-1.15273 
-0.899866 
-0.549515 
-1.22311 
-0.673516 
-0.918407 
0.109025 
0.315235 
0.226369 
0.0735339 
0.366446 
0.03323 
0.223991 
0.0462422 
0.185948 
-0.00933068 
0.199514 
0.65569 
1.4531 
1.2098 
1.16642 
1.94632 
1.41819 
1.27498 
1.70898 
0.854097 
0.999687 
1.10184 
0.977453 
0.296251 
0.259989 
1.02636 
2.12292 
1.90924 
1.82027 
1.95748 
1.83956 
1.59626 
1.38127 
0.234126 
0.84751 
0.914457 
0.810801 
1.0813 
1.2244 
1.88562 
1.23343 
1.93178 
1.24317 
1.12984 
1.52877 
0.560598 
0.446568 
-0.529685 
0.47073 
-0.365821 
0.26305 
0.518398 
0.0546815 
-0.0950406 
0.587393 
-0.378204 
-0.652037 
-0.172462 
-0.866348 
-1.03203 
-1.43365 
-0.949166 
-0.548255 
-0.798288 
0.236607 
-0.813465 
-0.48991 
-0.469305 
-0.590942 
-1.79197 
-1.60316 
-1.77289 
-1.8405 
-1.53642 
-1.4559 
-0.980467 
-1.14923 
-1.00768 
-0.648837 
-0.969648 
-1.65908 
-1.36675 
-1.9336 
-1.38275 
-2.69105 
-1.74119 
-1.55128 
-1.31622 
-0.444765 
-0.530929 
-0.878354 
-0.410647 
-1.00544 
-0.643105 
-0.789005 
-1.05485 
-1.20946 
-1.31577 
-1.33001 
-0.757936 
-0.0661401 
-0.157513 
0.891538 
0.260729 
1.06089 
0.351634 
0.224087 
0.768119 
0.510528 
-0.256002 
0.28677 
-0.113838 
0.036215 
1.10766 
0.873786 
0.877682 
1.61197 
2.08782 
1.51814 
0.411707 
0.755791 
1.09047 
0.958716 
1.58921 
1.78685 
1.69868 
1.29736 
1.69655 
1.53106 
2.33132 
2.13987 
0.539123 
1.46585 
0.617116 
0.683939 
0.383716 
1.33458 
1.34183 
1.14948 
1.77843 
1.81871 
1.18637 
0.843854 
1.1672 
1.0704 
0.578546 
-0.076237 
-0.293885 
-0.71511 
0.00831744 
0.648799 
0.330978 
0.482949 
0.629002 
-0.43774 
0.50586 
0.587991 
-0.501301 
-0.561461 
-1.06653 
-0.968788 
-0.456739 
-0.333041 
-0.928265 
-1.06196 
-0.532933 
-0.524978 
-0.687696 
-0.531845 
-1.17712 
-1.17365 
-1.87559 
-1.6778 
-1.56377 
-1.27321 
-1.38631 
-1.45327 
-1.20403 
-0.548863 
-0.721609 
-1.44361 
-1.35757 
-1.22324 
-2.1973 
-2.19777 
-1.28412 
-2.20358 
-1.15938 
-0.655294 
-1.32935 
-0.537945 
-0.723477 
-0.483344 
-0.807588 
-1.28331 
-0.874419 
-0.735252 
-1.32972 
-0.591801 
-0.932229 
-0.673021 
-0.238745 
0.348409 
0.490821 
1.13344 
0.337047 
0.413016 
0.354932 
0.0135631 
0.106655 
0.399087 
-0.16363 
1.31433 
1.40993 
0.814388 
1.8347 
2.01123 
1.87177 
0.94369 
1.50566 
0.828197 
0.382052 
0.518679 
1.38469 
1.59138 
0.837579 
1.46914 
1.74064 
2.39225 
1.57503 
2.00305 
1.35785 
1.34857 
0.323596 
1.13028 
0.24843 
1.13843 
1.19889 
0.911019 
0.942198 
1.59231 
0.933914 
1.235 
-0.077281 
0.0670462 
0.142824 
0.325453 
-0.538517 
0.118406 
0.328241 
-0.00226472 
0.618664 
1.18607 
0.0473266 
0.463833 
0.117409 
0.0605587 
-0.566013 
-0.792269 
-1.20707 
-1.64441 
-1.16576 
-0.782788 
-0.47197 
-0.456793 
0.412854 
-0.958113 
-0.687243 
-0.914373 
-1.15599 
-1.85586 
-1.59809 
-1.75512 
-1.71704 
-2.09218 
-1.22708 
-0.922185 
-0.141988 
-1.41015 
-1.33289 
-1.73478 
-1.1761 
-1.13945 
-1.95844 
-1.98457 
-1.9866 
-1.68184 
-1.0822 
-0.967755 
-0.772964 
-0.513651 
-0.927298 
-0.13865 
-0.895058 
-0.0890456 
-1.36134 
-1.02981 
-1.10727 
-1.20083 
-0.0967566 
-0.796562 
-0.374837 
-0.247102 
0.883801 
0.989181 
-0.0464661 
0.0327084 
0.0430641 
0.0670208 
0.825694 
-0.132954 
1.02834 
0.518636 
0.606148 
1.46406 
1.77572 
1.7085 
1.11835 
0.941071 
0.818353 
0.670417 
0.600378 
1.10458 
1.19981 
0.872534 
1.4654 
1.97522 
1.82027 
1.8519 
1.58257 
1.15361 
1.47161 
1.34763 
0.866209 
0.78878 
0.789822 
0.93876 
0.70971 
1.40458 
1.48082 
1.3515 
1.45602 
0.694804 
1.19691 
0.788165 
0.456445 
-0.169111 
-0.0769283 
-0.402403 
0.665216 
0.344707 
0.0695724 
0.108837 
0.532426 
0.425815 
0.260979 
-0.149373 
-0.135326 
-0.217948 
-1.56318 
-0.850821 
-1.04296 
-0.953302 
-0.556968 
-0.365658 
-0.0978687 
-0.687284 
-0.828775 
-0.654365 
-1.71689 
-1.39563 
-2.02893 
-1.52627 
-1.47922 
-1.54213 
-1.59834 
-1.05091 
-0.0809094 
-0.779744 
-1.20672 
-1.14333 
-0.903193 
-2.18817 
-1.48456 
-2.00528 
-1.62702 
-1.15974 
-1.72828 
-1.0092 
-0.754368 
-1.0902 
-0.514769 
-0.496499 
-0.288255 
-0.973121 
-0.974033 
-0.8339 
-0.700333 
-0.848709 
-1.09402 
0.0344164 
0.216202 
0.901172 
0.157568 
0.342533 
0.385307 
0.0969096 
0.757647 
-0.163545 
-0.638321 
0.273509 
-0.0472961 
0.963302 
1.20276 
1.0778 
1.31247 
2.26347 
1.34775 
1.23587 
0.722301 
1.0081 
1.37096 
1.31173 
0.793285 
1.269 
1.37307 
1.04238 
1.94544 
1.84676 
1.81167 
1.67659 
0.259464 
0.951733 
1.32843 
0.704437 
0.460613 
0.696409 
0.73594 
1.10027 
1.42999 
1.50755 
1.79415 
1.31514 
1.09373 
0.505103 
0.868923 
0.329264 
0.0632506 
0.149801 
0.266275 
0.705287 
0.314715 
0.890985 
0.59021 
0.505252 
0.830821 
-0.547945 
-0.686832 
-0.730774 
-0.98894 
-1.10333 
-1.26173 
-0.434617 
-0.86693 
-0.822106 
-0.0210316 
-0.394539 
-0.373105 
-0.949405 
-0.673735 
-1.35937 
-2.22325 
-2.07579 
-1.45298 
-1.42308 
-1.43769 
-0.582251 
-0.361208 
-0.571147 
-0.795395 
-0.379977 
-1.49124 
-1.55996 
-2.02688 
-1.99945 
-1.86871 
-1.90672 
-1.82253 
-1.46725 
-0.564141 
-0.213239 
-0.105822 
0.403698 
-1.07062 
-0.332774 
-1.11141 
-1.23688 
-0.967431 
-0.699003 
-0.242292 
-0.693933 
0.397162 
0.501916 
0.336989 
0.0232095 
-0.00727068 
-0.165324 
0.0863545 
-0.0368258 
-0.110703 
0.397288 
0.174328 
0.219742 
0.826837 
1.12934 
0.750025 
1.77147 
0.888995 
1.36041 
0.83698 
0.960627 
0.836826 
0.779161 
0.708592 
0.812656 
1.76226 
1.83714 
2.10141 
2.1621 
2.1135 
1.97871 
1.62512 
1.45334 
0.641421 
0.677338 
0.845109 
0.523911 
0.914548 
1.08022 
1.79111 
1.68118 
1.68674 
1.57262 
1.14719 
0.522076 
0.328677 
-0.257839 
0.121632 
0.908171 
0.0722362 
0.398459 
0.562922 
-0.0571379 
0.733948 
-0.0748422 
0.124978 
0.0316464 
-0.63494 
-0.949991 
-0.86554 
-0.552792 
-0.832642 
-0.433466 
-1.00114 
-0.503069 
-0.800723 
-0.466858 
-0.415305 
-1.11055 
-0.841595 
-1.64052 
-1.61512 
-2.01802 
-2.17345 
-1.61809 
-1.63605 
-0.691836 
-1.58065 
-1.4002 
-1.45418 
-1.71173 
-2.33695 
-1.49196 
-1.76895 
-2.30037 
-2.12871 
-2.05001 
-1.30553 
-1.48441 
-0.612249 
-0.427675 
-0.733725 
-0.185334 
-0.623864 
-1.10452 
-1.14312 
-1.0517 
-1.24533 
-0.449366 
-0.340987 
-0.171625 
-0.107333 
-0.0170361 
0.462391 
0.587113 
0.305526 
0.377824 
-0.29279 
0.290183 
-0.471279 
-0.676124 
0.339078 
0.51321 
1.39132 
1.89769 
1.37766 
1.28175 
1.38882 
1.07593 
1.56808 
0.622863 
1.05774 
1.41752 
1.93044 
1.16769 
1.37098 
2.36095 
1.6161 
1.1344 
1.97224 
1.82513 
1.16597 
1.01101 
0.565335 
1.54164 
0.819848 
0.723419 
1.2522 
1.3804 
1.08658 
1.42803 
1.44529 
1.60402 
0.924113 
0.0851487 
0.490423 
0.129467 
0.834918 
0.118806 
0.193899 
0.551768 
0.746601 
0.401221 
0.383465 
-0.0374988 
0.29963 
0.424269 
-0.610646 
-0.542104 
-1.13249 
-1.00883 
-0.99746 
-0.241181 
-0.624788 
-0.277848 
-0.708227 
-0.765898 
-0.494887 
-1.2284 
-1.69307 
-1.56479 
-1.08976 
-1.84222 
-1.85017 
-1.86058 
-2.19629 
-0.921839 
-0.257988 
-0.925825 
-1.29986 
-1.42494 
-1.28087 
-1.5661 
-1.29981 
-1.70855 
-2.41465 
-1.8454 
-0.949543 
-0.704754 
-0.197193 
-0.160087 
-0.113399 
-0.0497466 
-0.296496 
-0.62976 
-1.01555 
-1.26877 
-0.718732 
-0.442429 
-0.766244 
0.194643 
-0.0500054 
0.209713 
0.318738 
0.5013 
0.577631 
0.334792 
0.824606 
0.0717044 
0.630128 
-0.675957 
0.351576 
0.837047 
1.81643 
1.47168 
2.11132 
2.0436 
1.37768 
0.789546 
1.23806 
0.710305 
0.613461 
0.449644 
1.14886 
1.40655 
1.81434 
1.59179 
1.37251 
1.454 
1.79874 
0.994512 
0.825409 
0.571735 
0.674896 
1.15759 
1.54018 
0.91364 
0.740008 
1.1443 
1.52545 
1.84385 
1.22625 
1.05087 
1.38336 
0.806962 
0.226342 
-0.0443119 
-0.166783 
0.220669 
0.115266 
0.209552 
0.140727 
0.774709 
0.393889 
0.521702 
-0.0240535 
-0.354516 
-0.663726 
-1.2773 
-1.23751 
-0.469155 
-0.378333 
-0.655844 
-0.517199 
-0.137365 
-0.378865 
-0.307284 
-0.3179 
-1.13336 
-1.2299 
-1.55699 
-1.8559 
-2.30614 
-1.31867 
-1.1604 
-1.54576 
-1.45554 
-0.99162 
-0.976262 
-1.17835 
-1.36822 
-1.67772 
-1.22881 
-1.00909 
-2.50344 
-1.36584 
-1.4396 
-1.39539 
-0.655796 
-0.847804 
-1.09626 
-0.756511 
-0.224889 
-0.60764 
-0.561036 
-1.00456 
-0.687538 
-1.86811 
-0.809111 
-0.873966 
-0.0545471 
0.426925 
0.0651179 
0.667262 
0.0271037 
-0.0154973 
0.7499 
-0.64228 
0.666827 
-0.0990573 
0.193858 
0.138809 
1.09328 
1.11657 
1.67814 
1.20361 
1.10822 
1.28035 
1.88786 
0.962225 
0.240497 
1.30322 
0.92192 
0.739715 
1.35476 
1.56461 
1.29375 
1.87982 
1.93467 
1.80487 
1.72922 
1.49523 
0.667896 
1.24311 
1.04713 
0.729222 
0.25481 
1.0799 
1.35176 
1.36648 
1.49065 
1.61414 
1.67996 
1.52801 
0.424244 
0.540563 
0.343116 
-0.363977 
0.105772 
0.121029 
0.146328 
1.09298 
0.334088 
0.278877 
0.708425 
0.44633 
-0.45274 
-0.7044 
-0.515462 
-1.08154 
-1.08069 
-1.00924 
-1.24573 
-0.171637 
0.166532 
-1.3421 
-0.311109 
-0.375591 
-1.43148 
-1.20467 
-1.42413 
-1.94603 
-1.63466 
-1.4469 
-1.35964 
-1.24067 
-1.2576 
-0.463801 
-1.1177 
-0.694241 
-0.69261 
-1.57806 
-1.68639 
-1.65975 
-1.94323 
-2.03427 
-1.18717 
-1.59018 
-1.04228 
-1.32583 
-0.13277 
-0.417879 
-0.387011 
-0.672029 
-0.217729 
-1.30589 
-0.745076 
-0.74305 
-1.05002 
-0.385177 
-0.0907179 
0.784447 
-0.178267 
-0.166542 
0.747938 
0.0269134 
-0.0641751 
0.100851 
-0.452388 
0.564968 
0.168278 
0.91183 
0.543314 
1.35797 
0.789749 
1.40502 
1.73163 
1.25872 
1.11182 
1.7699 
0.490618 
0.41687 
0.942489 
0.805324 
0.943067 
1.21221 
1.6618 
1.84296 
1.79749 
1.8996 
2.02983 
1.28582 
1.11903 
0.554712 
1.328 
0.450009 
1.50943 
0.726656 
1.25806 
1.93294 
1.78875 
1.4129 
1.70454 
0.761593 
1.27738 
0.696508 
0.237622 
0.0345039 
0.265586 
0.0559032 
0.438682 
0.776143 
0.767659 
-0.0150324 
0.0557235 
-0.643818 
-0.442217 
-0.811563 
-0.800671 
-0.859428 
-0.808758 
-1.17185 
-0.94901 
-0.474145 
-0.0132795 
-0.565513 
-0.377199 
-0.976411 
-0.533745 
-1.3994 
-1.75365 
-1.49932 
-1.98365 
-2.32839 
-1.06768 
-1.24062 
-0.644389 
-0.854754 
-0.849263 
-1.44107 
-0.662224 
-0.594054 
-1.58405 
-2.09375 
-1.34597 
-2.13409 
-1.30906 
-1.23332 
-0.617213 
-1.54928 
-0.353267 
-0.537996 
-1.2748 
-0.565128 
-0.527376 
-1.41112 
-1.02015 
-0.848874 
-1.06292 
-0.0964514 
0.0912736 
-0.0877554 
0.397077 
0.720929 
0.582833 
0.792745 
0.444442 
0.383382 
-0.367671 
-0.0584265 
-0.00112647 
-0.157427 
0.097823 
1.2658 
1.40454 
1.61658 
1.6552 
1.32087 
1.43506 
0.930738 
1.22448 
0.48695 
1.21096 
0.945587 
1.26555 
1.34254 
1.72608 
1.87399 
1.30556 
1.86232 
1.93242 
1.19789 
1.37901 
0.286721 
0.48771 
0.671101 
0.660418 
0.821603 
1.25768 
1.21692 
1.37972 
1.12092 
1.36554 
1.68159 
0.423682 
0.713195 
0.209226 
0.169904 
-0.663551 
0.560834 
0.283606 
0.375476 
0.688151 
0.541594 
0.972603 
-0.421841 
-0.564833 
-0.48215 
-0.0742084 
-0.824779 
-0.819334 
-0.750045 
-0.59257 
-0.0569427 
0.253207 
-0.360481 
-0.805344 
-0.476664 
-0.936264 
-2.04205 
-1.69222 
-1.62788 
-1.98507 
-1.92317 
-1.2962 
-1.49016 
-0.9856 
-1.00704 
-1.2793 
-1.03503 
-1.10801 
-1.04107 
-0.893357 
-1.38502 
-2.03326 
-1.02898 
-1.86051 
-0.411439 
-0.96941 
-1.04138 
-1.35212 
-0.596897 
-0.0395371 
-0.624822 
-0.916715 
-1.25752 
-1.61998 
-1.24649 
-0.63849 
-1.23774 
-0.106717 
0.0837754 
0.818683 
0.32677 
0.179552 
0.739221 
0.638726 
0.635751 
-0.287044 
-0.172172 
-0.328241 
0.108388 
0.635696 
0.944615 
1.0874 
1.43126 
1.48596 
1.73108 
1.60351 
0.829517 
1.37795 
1.23353 
1.14682 
0.564587 
0.590011 
1.38761 
1.79064 
1.28993 
1.52933 
2.13411 
1.98037 
1.93557 
0.977142 
1.00837 
0.890868 
0.768335 
0.447951 
0.909865 
1.64801 
0.879994 
1.2119 
1.50456 
1.57127 
0.85107 
0.076949 
0.601397 
-0.136117 
0.456555 
-0.296992 
0.136483 
1.04012 
0.661532 
0.4475 
0.572154 
1.21082 
0.692423 
-0.647782 
-0.394374 
-0.572627 
-1.4295 
-0.919744 
-1.16255 
-0.786885 
-0.920949 
-1.22778 
-0.701398 
0.266328 
-0.771922 
-1.2284 
-0.627852 
-1.05385 
-1.83474 
-1.57193 
-1.44028 
-1.77259 
-1.27694 
-1.15816 
-0.608447 
-1.28235 
-1.12538 
-0.974077 
-1.25852 
-1.5017 
-0.989961 
-1.96797 
-2.01451 
-1.0219 
-1.4251 
-0.850704 
-0.808645 
-0.859261 
-0.725364 
0.0055465 
-0.738081 
-1.06027 
-0.741837 
-0.529193 
-1.0963 
-0.982482 
-0.821701 
-0.0205492 
-0.421075 
0.136436 
0.606246 
0.747079 
0.159419 
0.501661 
0.178306 
-0.547086 
-0.193062 
0.63546 
0.192257 
0.314511 
0.845181 
1.22048 
1.22327 
1.72954 
1.45005 
1.24968 
0.900246 
0.534663 
0.438428 
0.44266 
1.52452 
1.18238 
1.41255 
1.50186 
1.94447 
1.86353 
1.85198 
2.13943 
1.09729 
1.22928 
0.543606 
0.103407 
0.481634 
1.2345 
0.929024 
1.54723 
1.46335 
1.15987 
1.92116 
1.45479 
1.36933 
0.528646 
0.306517 
0.485792 
0.321664 
0.037433 
0.689455 
0.183131 
0.842501 
0.412603 
0.772775 
0.263916 
0.0467157 
-0.565939 
-0.336486 
-0.721673 
-0.751849 
-0.91645 
-1.38809 
-0.440039 
0.409193 
-0.909679 
-0.171519 
-0.651005 
-0.835664 
-1.5127 
-0.976313 
-1.62552 
-1.5666 
-1.82996 
-1.99623 
-1.569 
-1.36427 
-1.0156 
-1.26412 
-1.57278 
-0.728077 
-1.50604 
-1.45776 
-1.32182 
-1.55322 
-1.67877 
-1.34877 
-1.03557 
-1.44798 
-1.01072 
-1.00017 
-0.269954 
0.306729 
-0.0665754 
-0.724354 
-1.39979 
-1.31899 
-1.32586 
-2.35278 
-0.674457 
-0.263534 
-0.376045 
0.0877651 
0.610333 
0.506097 
0.336165 
0.586847 
0.152317 
-0.13965 
0.286077 
-0.307287 
0.551323 
0.277974 
0.48037 
0.765116 
1.42356 
2.01631 
1.76237 
1.67033 
1.7341 
1.03894 
1.1646 
0.808041 
1.5672 
1.04879 
0.977322 
1.63165 
1.37426 
1.48068 
1.95178 
1.72316 
1.84106 
1.11622 
0.751163 
0.612726 
0.420786 
1.87365 
1.17822 
0.884761 
1.53604 
1.842 
1.55648 
1.8335 
1.53023 
0.282046 
0.368841 
0.554149 
0.227149 
0.0673913 
0.289514 
-0.250195 
0.243656 
0.357469 
-0.136912 
0.72124 
0.186959 
-0.073745 
-0.766608 
-0.610344 
-0.796186 
-0.352974 
-1.5765 
-0.998504 
-0.756703 
-0.500593 
-0.242326 
-0.944923 
-0.365048 
-0.214606 
-0.671373 
-0.846264 
-1.10262 
-0.831077 
-2.61893 
-1.92721 
-1.48836 
-1.74786 
-1.1613 
-0.627075 
-0.748765 
-0.557901 
-0.652324 
-1.25892 
-1.72856 
-1.99885 
-1.81059 
-1.9556 
-1.4577 
-1.25603 
-1.33824 
-1.06023 
-0.813874 
-0.43945 
-0.934749 
-0.569957 
-0.844308 
-1.17078 
-0.856703 
-0.38672 
-0.735452 
-0.416572 
-0.381436 
-0.00382526 
0.554165 
0.288916 
-0.117095 
0.689515 
0.0787723 
0.222546 
-0.245485 
-0.268505 
-0.233173 
0.344498 
1.25674 
1.07616 
1.49041 
1.37407 
1.55538 
2.36995 
0.951242 
1.00129 
0.783487 
0.861322 
1.03984 
0.725743 
1.23926 
0.973784 
1.67543 
1.92471 
2.28331 
2.01278 
1.49983 
0.912965 
0.543327 
1.13644 
0.468754 
0.587372 
0.620068 
1.2243 
1.27153 
1.94089 
2.03102 
1.77206 
1.65857 
0.739587 
0.964541 
0.188742 
-0.462279 
1.02508 
0.198797 
0.0205843 
0.498548 
0.324908 
-0.316976 
0.452389 
0.535909 
0.103878 
-0.79157 
-0.749102 
-1.05678 
-1.01306 
-1.4613 
-0.946326 
-0.459196 
-1.20182 
-0.443936 
0.0202533 
-0.377743 
-0.494616 
-1.08663 
-1.21343 
-1.98931 
-1.87959 
-1.91964 
-2.08436 
-1.20892 
-1.4313 
-0.734691 
-0.776087 
-1.12546 
-1.58119 
-1.66435 
-1.16602 
-1.64161 
-1.49039 
-1.97542 
-2.31916 
-1.38128 
-1.00969 
-1.03053 
-0.623656 
-0.481863 
-0.106509 
-0.136523 
-0.8583 
-1.38301 
-1.44164 
-0.904948 
-1.18255 
-0.876436 
-0.570304 
-0.337663 
-0.0400989 
0.163651 
0.327461 
-0.0109211 
0.559488 
-0.0407179 
0.535413 
-0.252558 
-0.112975 
0.491688 
0.252132 
0.474724 
0.583481 
1.15816 
1.45154 
1.97946 
1.5617 
0.960948 
1.30472 
1.16398 
0.485006 
1.41581 
0.714055 
1.33301 
1.58286 
1.59291 
1.65139 
2.3107 
1.05688 
1.49109 
1.36588 
1.16012 
0.565951 
0.27895 
-0.136453 
1.29284 
1.55288 
1.02484 
2.20562 
1.4394 
1.1521 
1.15514 
1.20023 
0.874836 
0.484043 
-0.094959 
-0.373638 
-0.21865 
-0.496704 
0.522482 
0.431611 
-0.235356 
0.775083 
-0.13431 
0.517013 
-0.368338 
-0.639308 
-1.21907 
-0.834288 
-0.949677 
-1.00745 
-1.01529 
-0.491714 
-1.46425 
-0.579475 
-0.150849 
-0.794626 
-0.597149 
-1.48925 
-1.50265 
-1.92588 
-1.52728 
-1.4505 
-1.11773 
-1.55038 
-1.24716 
-0.878076 
-0.231619 
-1.68341 
-1.60142 
-1.09312 
-0.871004 
-1.87623 
-1.17786 
-1.1978 
-1.35316 
-1.3869 
-1.01477 
-0.633638 
-0.185129 
-0.536416 
0.222026 
-0.902076 
-1.10939 
-0.826561 
-1.00736 
-1.00209 
-1.61588 
-0.605631 
-0.944228 
0.340747 
0.632638 
0.816788 
0.877826 
0.670406 
0.635863 
0.290677 
-0.157224 
0.465606 
0.47944 
0.0224771 
0.0118182 
0.22762 
0.761925 
1.10942 
1.6798 
1.11917 
1.09631 
1.0515 
0.472331 
0.6934 
0.44918 
0.7538 
0.82093 
1.70987 
1.31863 
1.96269 
2.02066 
1.70678 
1.83013 
2.03599 
1.49277 
0.213542 
0.947733 
0.256589 
0.190902 
0.644989 
0.70599 
1.04454 
1.92426 
1.08451 
2.23558 
1.0657 
0.868351 
0.374287 
-0.0725526 
-0.160615 
0.0718874 
-0.321495 
-0.0322417 
0.023497 
0.615726 
1.12572 
1.2542 
-0.696711 
-0.190862 
-0.724698 
-1.15709 
-0.807201 
-1.10058 
-0.962846 
-0.635458 
-1.16626 
-0.633815 
-1.16182 
-0.565883 
-0.338506 
-1.57915 
-1.14336 
-2.04085 
-1.60832 
-1.85212 
-1.77713 
-2.01971 
-1.70358 
-1.34482 
-1.04136 
-0.948811 
-1.07486 
-0.686673 
-1.53841 
-1.80709 
-1.8401 
-2.0218 
-1.29033 
-1.87081 
-0.935082 
-0.77941 
-0.803733 
-0.903727 
-0.473092 
-0.431085 
-0.815196 
-1.17732 
-0.772662 
-0.704695 
-1.28565 
-0.47007 
-0.558973 
-0.166093 
0.616639 
0.210108 
-0.297177 
0.175797 
0.694717 
0.0247434 
1.09372 
-0.415973 
0.00357448 
0.204706 
-0.284728 
1.02526 
1.41675 
1.77946 
1.72567 
0.370776 
1.18636 
1.3481 
0.6785 
0.90578 
0.730119 
0.69251 
0.775605 
1.48009 
1.75821 
1.5197 
1.64479 
1.82607 
2.16434 
2.26896 
1.87765 
1.54533 
1.17225 
0.658414 
1.04742 
1.4508 
1.35425 
1.67867 
0.805247 
1.50347 
1.42646 
1.41549 
1.2177 
0.263189 
0.867646 
-0.177831 
0.166502 
0.0741208 
0.697883 
0.173942 
0.215848 
1.11819 
0.510663 
-0.331061 
0.341336 
-0.813473 
-0.263502 
-0.369344 
-0.882126 
-1.42762 
-0.586067 
-1.00642 
-1.02794 
-0.858783 
-0.987214 
-0.405017 
-0.797823 
-0.649214 
-1.18821 
-1.61931 
-2.32866 
-2.12941 
-1.64229 
-1.67806 
-0.824537 
-1.54226 
-0.957586 
-0.968532 
-1.07734 
-0.913847 
-0.699543 
-1.80549 
-1.75676 
-2.3571 
-1.48787 
-2.06114 
-1.56669 
-0.348251 
-0.421021 
-0.822957 
0.0223892 
-0.55285 
-0.722877 
-0.336189 
-0.0758208 
-1.37746 
-1.12987 
-0.544247 
-0.33194 
-0.456616 
0.170026 
0.0968006 
-0.328609 
0.322233 
0.056136 
0.22025 
0.962436 
0.157389 
0.63696 
-0.258861 
0.766008 
-0.0565112 
0.694797 
1.46851 
1.82127 
1.44994 
1.04809 
0.890744 
0.66312 
0.48127 
0.577267 
0.43978 
1.27226 
1.35506 
1.58718 
1.27246 
1.87477 
1.91136 
1.46369 
1.36904 
0.736939 
1.46245 
0.467625 
0.962121 
0.846601 
1.11876 
0.788545 
1.21226 
1.3127 
1.76413 
1.03551 
1.10742 
1.41343 
0.741912 
-0.119079 
0.423631 
-0.785175 
-0.307265 
0.757031 
0.642191 
0.666711 
0.398978 
0.388445 
0.771196 
0.716818 
-0.24646 
-0.148994 
-1.03699 
-1.21418 
-0.865605 
-1.43671 
-0.419229 
-1.09037 
-1.17459 
-0.69459 
-0.257454 
-0.399725 
-0.779989 
-0.86855 
-1.56789 
-1.60486 
-2.03292 
-1.95739 
-1.77979 
-1.28598 
-0.264842 
-1.49952 
-0.976608 
-1.24195 
-0.97078 
-0.808356 
-1.31802 
-2.08057 
-2.40859 
-1.59252 
-1.74582 
-1.5247 
-0.93551 
-1.09079 
-0.199809 
-0.593892 
-0.626764 
-0.258265 
-0.771161 
-0.985834 
-0.749012 
-0.921982 
-0.506749 
-0.363756 
-0.282213 
0.850316 
0.252154 
0.741905 
1.19163 
0.140067 
0.499124 
0.230932 
-0.209923 
0.00973647 
0.409886 
1.18184 
0.788265 
0.720772 
0.669828 
1.6636 
1.46965 
1.23422 
1.79638 
1.21848 
0.91395 
0.445132 
0.770045 
0.881133 
0.910901 
1.24883 
1.89548 
1.17207 
1.25237 
2.03815 
1.90151 
1.13409 
1.4591 
1.48173 
0.857058 
0.31073 
0.638231 
0.884112 
1.03879 
1.05477 
1.41768 
1.92762 
1.32477 
0.898002 
0.887289 
-0.320487 
-0.299202 
-0.00354369 
0.0217469 
-0.303223 
0.809053 
0.55138 
0.723624 
0.588485 
0.0352634 
-0.380813 
-0.47586 
-1.18357 
-0.698117 
-0.883424 
-1.14404 
-1.50001 
-0.898885 
-1.02133 
-0.463232 
-0.244988 
0.0470309 
-1.37902 
-0.612521 
-1.19676 
-1.46574 
-1.92544 
-1.83898 
-1.91945 
-1.79981 
-1.64889 
-0.747696 
-0.911415 
-0.523053 
-0.964918 
-1.04863 
-1.87929 
-1.62578 
-1.71769 
-1.72868 
-1.5478 
-1.86154 
-1.51103 
-0.950048 
-0.568803 
0.0501561 
-0.797898 
-0.131534 
-0.895582 
-0.466538 
-1.04738 
-1.09165 
-1.1403 
-0.546525 
-0.31079 
0.0908296 
-0.110164 
-0.218887 
0.828561 
0.845015 
-0.234259 
0.193584 
0.651391 
-0.0450717 
-0.183153 
-0.119228 
-0.313427 
0.637974 
1.28105 
0.987456 
1.44967 
1.78461 
1.28619 
1.55065 
1.23458 
0.81793 
1.4505 
0.509015 
0.932648 
0.829863 
1.17502 
1.93317 
2.38048 
1.81886 
2.29115 
1.53356 
1.43869 
1.10345 
0.56647 
0.108912 
0.955818 
1.68845 
1.45113 
1.61183 
1.36964 
0.963048 
1.34781 
0.813609 
1.25021 
0.547669 
0.425423 
-0.353867 
-0.0698189 
-0.437482 
-0.29141 
0.396284 
0.910506 
0.612556 
0.584722 
0.686535 
0.44298 
-1.20142 
-1.35502 
-0.949104 
-1.14831 
-1.46844 
-1.36652 
-1.2971 
-0.280034 
-0.717374 
-0.856081 
-0.556587 
-0.910107 
-0.778991 
-1.22779 
-2.04511 
-1.46284 
-1.95088 
-1.78552 
-1.91266 
-1.02015 
-0.995239 
-1.62215 
-0.195268 
-1.02316 
-1.01261 
-1.15191 
-1.85674 
-1.3692 
-1.74373 
-1.7502 
-1.24448 
-1.02184 
-1.74198 
-0.581617 
-0.0379009 
-0.180395 
-0.319258 
-1.04378 
-0.454858 
-1.19425 
-1.00919 
-0.594838 
-0.856285 
-1.92329 
-0.880017 
-0.161071 
0.0673124 
0.534152 
0.524733 
0.0760208 
0.499205 
-0.26883 
-0.271778 
-0.0364906 
-0.000954661 
0.418193 
0.0212263 
0.872733 
1.50871 
1.74182 
0.813271 
1.75289 
1.13182 
1.36959 
0.914379 
0.823779 
0.820286 
0.936351 
1.36097 
1.10509 
1.3829 
1.80057 
2.41281 
2.11394 
1.83378 
1.30203 
1.0287 
1.66016 
0.714641 
0.985119 
0.689785 
1.04793 
1.36827 
1.2442 
1.65756 
1.83404 
1.41298 
0.758615 
0.694408 
0.526906 
0.848017 
-0.272076 
-0.0319425 
-0.0923301 
0.436843 
0.602856 
0.479822 
-0.242926 
-0.181279 
0.013543 
-0.289174 
-0.0175035 
-1.20789 
-0.793951 
-0.933792 
-1.08751 
-0.730065 
-0.86659 
-0.351226 
0.039509 
-0.388847 
-0.482907 
-1.10326 
-0.77499 
-1.56975 
-1.73883 
-1.78917 
-1.64556 
-1.30747 
-2.02563 
-0.747028 
-1.2926 
-0.965711 
-1.21821 
-1.00143 
-1.64513 
-2.03259 
-1.38247 
-2.3045 
-1.93921 
-1.45017 
-1.58512 
-0.951447 
-0.475905 
-0.56947 
0.250117 
-1.05093 
-0.705191 
-1.32754 
-0.92897 
-1.60571 
-1.76328 
-1.0365 
-1.33785 
-0.362083 
-0.221075 
-0.16655 
0.679177 
0.771518 
0.0880096 
-0.208832 
0.0970053 
-0.0734024 
-0.761995 
0.39204 
0.340857 
0.0966504 
1.82086 
1.1694 
1.14495 
1.19287 
1.64819 
0.680871 
0.747593 
0.904345 
0.474363 
1.03897 
0.668876 
1.06081 
1.50577 
0.965659 
1.3218 
1.54241 
1.6751 
1.52969 
1.11615 
1.52779 
1.43157 
0.657579 
1.96879 
0.767165 
1.40798 
1.0837 
0.765291 
2.15097 
1.14686 
1.12917 
1.59412 
1.03406 
0.446407 
0.0851629 
0.139347 
0.720701 
0.0306189 
0.353653 
0.474924 
0.560241 
0.623498 
0.49238 
0.109964 
-0.571157 
-0.00327537 
-0.995182 
-0.972677 
-0.9359 
-1.61349 
-1.14517 
-1.10618 
-1.39381 
0.291754 
-0.871289 
-0.407407 
-1.14205 
-1.73853 
-1.53987 
-1.59139 
-2.10395 
-1.53147 
-1.15918 
-1.45958 
-0.987042 
-1.46094 
-0.646112 
-1.04528 
-0.694283 
-1.7803 
-1.06907 
-1.81701 
-1.59457 
-1.35092 
-0.986529 
-1.68694 
-1.4774 
-1.1176 
-0.00215581 
-0.631231 
-0.614241 
-0.789445 
-0.476385 
-1.15686 
-1.04259 
-1.69709 
-1.15858 
-0.71321 
-0.528948 
-0.190166 
0.322887 
0.230238 
0.663253 
0.864519 
-0.376572 
0.722125 
0.532943 
0.154243 
0.754049 
0.294289 
0.395303 
1.42387 
2.05957 
1.19962 
1.19578 
2.00422 
1.34074 
0.782015 
1.44077 
0.725712 
0.598881 
0.663354 
0.963602 
1.82465 
1.22486 
1.90351 
2.3824 
1.5852 
1.63282 
0.840538 
1.54455 
0.598221 
1.13473 
1.13786 
0.932646 
0.45234 
1.87655 
1.65853 
1.9096 
1.63713 
0.738968 
1.35405 
0.63408 
0.836049 
-0.19337 
0.324534 
0.397374 
0.433124 
0.49428 
0.330461 
0.71532 
0.571729 
0.256221 
0.27226 
-0.426976 
-1.06941 
-0.809287 
-0.828694 
-1.02756 
-0.431139 
-0.574266 
-0.19862 
-0.424802 
-0.0319174 
-0.846107 
-0.648846 
-1.56834 
-1.40832 
-1.14898 
-2.0856 
-1.76529 
-1.93697 
-1.74263 
-1.03482 
-1.1181 
-0.511863 
-0.590738 
-0.474715 
-1.85972 
-1.68794 
-1.61801 
-1.48707 
-1.34801 
-1.98749 
-1.88648 
-1.2377 
-0.679217 
-0.635493 
-0.0144692 
-0.847892 
-0.318624 
-0.497241 
-1.4989 
-0.953844 
-0.442151 
-1.33456 
-0.958682 
-0.854254 
0.0934026 
-0.116753 
0.671456 
-0.0477934 
-0.272217 
0.614632 
0.542024 
0.1573 
0.402178 
0.0864322 
0.135522 
0.224689 
0.808477 
0.459103 
0.93733 
1.28941 
1.45687 
2.09653 
1.28594 
1.02384 
1.26821 
1.04239 
0.8154 
1.00042 
0.924012 
1.45832 
1.05245 
1.84701 
2.09199 
1.91013 
1.75187 
1.5242 
1.4491 
0.953766 
1.33805 
0.820222 
0.792219 
0.515339 
1.03505 
0.862444 
1.21971 
1.12691 
1.42069 
0.938164 
0.291138 
0.955177 
0.672507 
0.394592 
0.0711638 
0.223647 
0.0118202 
0.509037 
0.254397 
0.598699 
0.534027 
-0.216738 
-0.219314 
-1.11635 
-0.447584 
-0.406759 
-0.607246 
-1.29215 
-1.15511 
-0.546564 
-0.643557 
-0.500374 
-1.48837 
-0.549254 
-1.23023 
-1.21155 
-1.56036 
-2.57187 
-1.97453 
-1.49704 
-1.20226 
-1.52735 
-0.942793 
-0.956802 
-0.693689 
-0.297382 
-1.25595 
-0.458705 
-1.67101 
-2.1339 
-2.22091 
-1.7673 
-1.63071 
-1.24776 
-0.654778 
-0.712109 
-1.05777 
-0.653711 
-0.610963 
-0.849093 
-0.596506 
-0.725255 
-1.12866 
-1.16814 
-0.975574 
-0.322369 
-0.13262 
0.440874 
0.15956 
0.451066 
0.80844 
0.325342 
0.16722 
-0.158017 
-0.430903 
-0.618938 
0.0157795 
0.526939 
0.439691 
1.14236 
1.7889 
1.63991 
1.93735 
1.72134 
2.26027 
1.37197 
0.431411 
1.07017 
0.95258 
1.24258 
1.48761 
1.19789 
1.85328 
1.99404 
2.04096 
2.36326 
1.21836 
1.50943 
1.54815 
0.780412 
1.07647 
0.767608 
0.371268 
1.05518 
1.70907 
1.49343 
1.90588 
1.02863 
0.746757 
0.66375 
0.229195 
-0.144893 
-0.297029 
-0.140024 
-0.49 
0.110318 
0.116475 
0.269159 
0.280118 
0.95647 
0.192542 
0.240322 
0.334968 
-0.353891 
-0.846821 
-0.837152 
-0.394384 
-1.05601 
-0.676028 
-0.766662 
-0.756845 
-0.643433 
-0.442582 
-1.43796 
-1.70245 
-1.23749 
-1.45083 
-1.5611 
-1.76211 
-1.78996 
-1.35491 
-0.666269 
-0.272784 
-1.12577 
-0.461581 
-1.23534 
-0.916699 
-1.37813 
-1.43131 
-2.29958 
-1.44216 
-1.78578 
-1.46551 
-1.41615 
-0.997836 
-1.20676 
-0.946511 
-0.810215 
-0.666193 
-0.669599 
-0.693323 
-1.5087 
-0.852897 
-0.721197 
-0.354489 
-1.10634 
0.0627249 
0.166425 
0.769639 
0.799319 
0.247766 
0.682453 
0.31033 
-0.593977 
-0.210884 
0.0417059 
-0.0783064 
-0.511436 
1.05314 
0.762154 
1.53157 
1.04667 
1.77029 
1.75538 
1.58247 
0.845159 
0.687587 
0.509656 
0.539935 
0.892843 
0.518276 
1.25741 
1.7361 
1.52557 
2.18497 
1.36501 
1.3834 
1.62654 
1.14746 
0.298197 
0.623471 
0.685846 
0.571328 
0.839805 
1.08514 
1.37847 
1.96678 
1.49588 
1.3829 
1.00345 
-0.10684 
-0.271172 
-0.037944 
0.0457239 
0.291996 
-0.00747909 
0.132471 
0.713824 
0.17131 
0.0453674 
0.308707 
-0.202718 
-0.0699979 
-0.379405 
-0.647295 
-1.19744 
-0.292222 
-1.13826 
-1.01889 
-1.11597 
-0.293975 
-0.789465 
-0.973935 
-0.929893 
-1.54942 
-0.951048 
-0.744082 
-1.49181 
-2.03995 
-1.28001 
-1.28176 
-2.26646 
-1.18359 
-0.958102 
-0.711842 
-1.02605 
-0.70331 
-1.64316 
-0.934873 
-1.32826 
-1.79191 
-1.68528 
-1.73019 
-1.5315 
-1.12157 
-0.372614 
-0.134913 
0.189675 
-0.632743 
-0.807815 
-1.78165 
-0.996042 
-1.04002 
-0.931815 
-1.00593 
-1.01411 
-0.524091 
0.938849 
0.232572 
0.338359 
0.168777 
0.670756 
0.518187 
0.251692 
-0.127544 
0.423104 
0.274309 
0.196236 
0.677229 
1.34976 
1.34261 
1.68787 
1.81671 
1.45807 
0.873143 
1.31368 
0.433483 
0.608821 
0.974983 
0.867791 
1.35276 
1.23776 
1.75861 
2.03393 
1.66327 
0.94447 
2.06419 
1.07981 
1.06952 
1.28993 
0.404929 
1.26356 
1.22503 
0.982215 
1.23052 
1.89766 
1.53578 
1.65437 
2.28826 
1.09882 
0.928317 
0.475401 
0.789321 
0.114312 
-0.213869 
0.0722323 
-0.259662 
0.674812 
0.148302 
0.442598 
0.71106 
0.0741417 
-0.151874 
-0.778107 
-0.738224 
-0.577699 
-1.26773 
-1.20337 
-0.950887 
-0.38192 
-0.517302 
-0.290553 
-1.08175 
-0.862479 
-1.11276 
-1.83159 
-1.10043 
-1.51804 
-2.51496 
-1.77861 
-2.02196 
-1.45294 
-0.959771 
-0.206839 
-0.938152 
-1.25767 
-0.685121 
-0.864748 
-1.6631 
-1.07336 
-1.71546 
-2.05694 
-1.33939 
-1.89975 
-1.19878 
-1.03393 
-0.165689 
-0.205913 
-0.382481 
-0.426918 
-0.425309 
-0.838865 
-1.63591 
-1.38403 
-0.820932 
0.0214893 
0.201527 
0.260404 
1.09422 
0.475862 
0.196098 
0.633505 
0.0475078 
0.837456 
0.153107 
-0.0384899 
0.0268178 
0.488994 
0.784171 
1.28242 
1.46464 
1.0976 
1.38482 
0.827271 
1.30673 
1.30284 
1.00041 
0.447077 
1.25064 
1.25239 
0.778866 
0.788716 
2.00739 
2.07203 
2.08118 
2.00384 
1.97973 
1.14754 
1.52668 
1.18484 
0.444043 
0.519435 
1.49715 
0.688425 
0.786339 
1.64507 
1.42449 
2.21217 
1.2696 
1.16098 
0.654291 
0.670396 
-0.245521 
0.0296772 
0.307976 
0.0605068 
0.0413959 
0.470564 
-0.279294 
0.916567 
0.590367 
0.0912238 
0.0523969 
-0.426996 
-0.410296 
-1.42864 
-1.26698 
-0.676634 
-0.967972 
-0.392269 
-1.07933 
-0.247988 
-0.0385953 
-1.42355 
-1.00341 
-1.52879 
-1.78934 
-1.59975 
-1.30433 
-1.71441 
-1.80217 
-0.856657 
-1.29138 
-0.696355 
-1.05229 
-0.76194 
-1.48695 
-1.45347 
-1.76812 
-1.85656 
-1.64884 
-1.05961 
-1.73378 
-0.950677 
-0.978646 
-0.613533 
0.491272 
-0.453996 
-0.589451 
-0.230831 
-0.41952 
-1.35106 
-1.09499 
-1.04655 
-1.07102 
-0.49095 
-0.224437 
0.337407 
0.403749 
0.261464 
0.600465 
0.214299 
0.373454 
0.136204 
0.285117 
-0.421085 
0.513809 
0.256505 
0.558168 
0.840032 
1.56008 
2.00674 
1.81529 
1.29227 
0.975733 
0.935149 
0.578384 
0.87057 
1.30407 
0.989784 
1.42579 
1.14216 
1.88893 
2.01472 
1.24939 
1.66076 
2.09743 
0.829608 
1.05807 
0.746075 
0.327537 
0.516239 
1.11226 
0.937322 
1.28526 
1.32807 
1.31701 
1.58568 
0.809585 
0.593502 
0.847741 
0.769565 
-0.201388 
0.0255936 
-0.351505 
0.469462 
0.491635 
0.0370176 
0.812717 
0.868293 
0.0989167 
-0.094447 
-0.671843 
-0.965174 
-0.71101 
-1.08955 
-1.43036 
-0.563198 
-1.11762 
-0.210855 
-1.14433 
-0.674923 
-0.119097 
-0.516044 
-0.827081 
-1.48066 
-1.02757 
-2.02475 
-1.56567 
-1.36705 
-1.7291 
-0.995761 
-0.836394 
-1.37824 
-1.19055 
-1.20868 
-0.969387 
-1.20273 
-1.3166 
-2.16962 
-2.30632 
-1.1806 
-1.12432 
-0.946018 
-0.286016 
-0.028919 
-0.923673 
-0.451655 
-0.381852 
-0.811674 
-0.782786 
-0.753644 
-0.821632 
-1.95208 
-0.754167 
-0.615632 
-0.241821 
0.0495688 
0.72352 
0.298818 
0.476768 
-0.236046 
0.0881157 
-0.0204651 
-0.146481 
-0.323411 
-0.328464 
0.727594 
0.545797 
1.50234 
1.30248 
1.14622 
0.830116 
1.43667 
1.07229 
1.06736 
1.29279 
0.929446 
0.677812 
0.538492 
1.67578 
1.26507 
1.31517 
1.49052 
2.51317 
2.17028 
1.62361 
1.50826 
1.19186 
1.22664 
0.700448 
1.28855 
0.896378 
0.702743 
0.997744 
1.78569 
1.87635 
1.67835 
1.28229 
1.11409 
-0.137761 
0.502947 
0.131073 
-0.0514856 
0.460774 
-0.00765115 
0.396984 
0.294529 
0.275111 
0.761196 
0.174959 
-0.616269 
-0.474553 
0.220051 
-0.558116 
-0.765351 
-1.25371 
-1.77431 
-0.922434 
-1.61245 
-0.667149 
-1.07745 
-0.456514 
-0.422663 
-0.630632 
-1.54423 
-2.21297 
-2.05115 
-2.3505 
-1.68575 
-1.72574 
-0.943208 
-1.21075 
-1.3382 
-0.725181 
-0.540673 
-1.1297 
-1.33437 
-1.27473 
-1.74647 
-1.8309 
-1.60902 
-1.53268 
-1.36452 
-1.35879 
-0.778033 
-1.01519 
-0.482278 
-0.956313 
-0.302821 
-0.444358 
-1.00166 
-0.570745 
-0.706974 
-0.596706 
-1.36917 
-0.462954 
-0.252297 
0.262451 
0.12021 
0.708996 
0.279734 
0.180795 
0.0849261 
-0.0120489 
0.346343 
-0.323146 
0.112036 
0.632955 
0.998432 
0.878796 
1.22509 
1.63261 
0.934711 
1.77233 
1.05204 
1.21989 
0.698235 
0.469869 
0.350771 
1.14433 
1.79826 
1.74105 
1.84556 
2.48342 
1.92261 
1.38963 
1.33278 
0.991032 
1.2088 
1.1358 
1.30302 
0.96578 
0.48338 
1.1511 
1.7498 
1.34975 
1.91928 
1.33246 
0.382152 
0.840314 
0.554598 
0.783172 
0.0560677 
0.0458526 
-0.249972 
0.223555 
-0.228639 
0.566219 
0.12956 
0.00273191 
0.173149 
-0.697259 
-0.174573 
-0.0899497 
-0.785436 
-0.879412 
-1.55882 
-0.173079 
-0.877673 
-0.551455 
-0.349874 
-0.376818 
-0.86001 
-0.932608 
-1.79163 
-1.33524 
-2.0492 
-1.97829 
-1.5502 
-1.82431 
-1.07616 
-0.776452 
-1.28868 
-1.22905 
-1.16485 
-1.1112 
-1.19979 
-1.64248 
-1.56345 
-1.27875 
-2.06777 
-1.72789 
-1.95449 
-1.11223 
-0.36647 
-0.858061 
-0.261279 
-0.678205 
-0.595103 
-0.602704 
-0.692455 
-0.94098 
-0.550071 
-1.10459 
-0.861534 
-0.0982446 
0.0465784 
0.0236525 
0.695473 
0.42388 
0.41578 
0.100835 
-0.209835 
0.131137 
0.280209 
-0.611846 
0.144977 
0.217855 
1.12142 
1.00575 
1.58264 
1.99957 
1.91242 
1.49758 
0.69141 
1.50815 
1.16961 
0.721213 
1.89283 
1.17704 
2.00843 
1.37352 
1.9031 
1.54484 
2.11592 
1.77183 
1.13337 
0.471214 
-0.145788 
0.622334 
0.150628 
1.11294 
1.40669 
0.443682 
0.667711 
1.37924 
1.81147 
1.51399 
1.49203 
0.411366 
0.12479 
-0.177124 
0.354696 
0.433646 
-0.358692 
0.402076 
0.310337 
0.859753 
0.793111 
0.852604 
0.0506344 
-0.289424 
-0.789311 
-1.25748 
-0.596867 
-1.39676 
-1.62749 
-1.04218 
-0.0569502 
-0.240684 
-0.41354 
-0.590533 
-0.505198 
-0.674019 
-1.23644 
-0.730272 
-1.47854 
-2.4731 
-2.06246 
-1.51592 
-1.31512 
-1.3459 
-0.984017 
-0.850698 
-1.56008 
-0.230672 
-1.23615 
-0.729522 
-2.11745 
-1.88141 
-2.03786 
-1.89012 
-1.0964 
-0.776356 
-0.942853 
-0.324295 
-0.746645 
-0.0880763 
-1.1302 
-0.428372 
-1.40857 
-1.06011 
-1.54677 
-1.08522 
-0.89212 
0.156805 
-0.0897048 
0.402048 
-0.0503625 
0.193715 
0.663861 
0.0695686 
0.188287 
0.280188 
-0.327693 
-0.0929246 
0.648335 
0.790625 
0.82817 
0.812877 
0.993035 
1.81613 
1.89283 
1.27895 
1.43493 
1.50137 
1.21551 
1.4657 
0.939294 
0.623612 
1.10551 
1.53019 
1.2332 
1.90859 
2.39563 
1.21682 
1.61558 
1.15842 
1.67558 
0.567228 
0.90963 
0.447268 
0.607743 
1.32379 
1.50392 
1.27272 
1.7311 
1.04046 
1.31095 
0.302769 
0.478211 
0.207271 
0.551182 
-0.45484 
0.327544 
-0.316876 
0.478623 
0.822596 
0.233575 
0.2028 
0.564288 
0.404893 
-0.589691 
-0.433427 
-0.921384 
-1.4969 
-0.898728 
-1.55198 
-0.798948 
-0.714808 
0.111582 
-0.469097 
-0.198721 
-0.70303 
-1.23448 
-1.55034 
-2.16534 
-1.63398 
-1.92856 
-2.08049 
-1.12281 
-1.08088 
-0.671113 
-1.12272 
-0.765306 
-1.35624 
-1.10812 
-1.36569 
-1.90694 
-2.14851 
-1.45432 
-1.09191 
-1.82328 
-1.01051 
-0.48358 
-0.396317 
-0.592058 
-0.464365 
-0.941038 
-0.879806 
-0.558818 
-1.19345 
-1.50257 
-0.954893 
-0.439389 
-0.127147 
0.464276 
0.134838 
0.449368 
1.10671 
0.723092 
0.520623 
0.575193 
-0.0973795 
-0.0566865 
0.551845 
-0.0535618 
0.709185 
0.539565 
1.5778 
2.35746 
1.51411 
1.45418 
1.65878 
0.623607 
0.591773 
0.595007 
0.967249 
0.406291 
0.841906 
1.42571 
1.72179 
1.24444 
1.27193 
1.32832 
1.67896 
1.53059 
1.47725 
0.618806 
0.27143 
1.1458 
1.04483 
1.23426 
1.1496 
1.23673 
2.16952 
1.55259 
1.3043 
0.0736249 
0.0631295 
0.281025 
0.157376 
0.320737 
0.757058 
-0.5414 
-0.0855643 
0.364922 
0.0611614 
8.31807e-05 
0.488788 
-0.024519 
0.0432225 
-0.323961 
-1.31371 
-0.633841 
-1.25379 
-1.33788 
-0.828537 
-0.625908 
-0.212577 
-0.496557 
-1.03541 
-0.503902 
-1.00729 
-0.772076 
-1.53672 
-1.50814 
-1.83581 
-1.86728 
-1.89701 
-1.85763 
-1.55618 
-0.588292 
-0.926781 
-1.1727 
-0.763727 
-1.63988 
-1.48549 
-1.5246 
-1.9176 
-1.45151 
-1.61967 
-1.3584 
-0.302069 
-0.0116105 
-0.692271 
-0.722915 
-0.749698 
-1.05626 
-1.11984 
-1.60325 
-1.64273 
-0.980083 
-1.20617 
0.0397728 
-0.940326 
-0.0498702 
0.486188 
0.561133 
0.459591 
0.258405 
-0.561646 
0.117584 
0.183903 
-0.00697092 
-0.186635 
0.539203 
0.987223 
0.972624 
1.38272 
1.52324 
1.50073 
1.66515 
1.09924 
1.76492 
0.713949 
0.774547 
0.387806 
0.51757 
0.456604 
1.86242 
1.52947 
1.70904 
2.01835 
1.48938 
1.50634 
1.79256 
0.95284 
1.23283 
0.875494 
1.11325 
0.821797 
0.884944 
1.28541 
1.03258 
1.83888 
1.11307 
1.68814 
1.50558 
0.229876 
0.738126 
0.487448 
-0.138629 
0.134272 
0.204384 
0.679007 
0.391102 
0.339609 
1.55066 
1.01073 
0.645292 
0.163387 
-0.761884 
-1.4742 
-1.14712 
-0.991263 
-0.623391 
-0.282619 
-0.183059 
-0.486199 
-0.474902 
-0.761614 
-0.546214 
-1.23557 
-1.49576 
-1.20491 
-1.81146 
-2.50376 
-2.51583 
-1.40836 
-1.62172 
-1.23073 
-0.843667 
-0.900975 
-1.26516 
-1.17903 
-1.8947 
-2.06537 
-1.8467 
-1.90075 
-1.6266 
-1.24168 
-0.815591 
-0.748213 
-0.897094 
-0.194508 
-0.0512458 
-0.103097 
-0.5001 
-1.51448 
-1.24339 
-1.03871 
-0.9989 
-1.2254 
-1.02194 
0.0330758 
-0.214931 
0.7528 
0.644455 
-0.0859083 
0.446556 
0.377057 
0.0920282 
-0.0107723 
-0.062956 
-0.263769 
0.0748361 
1.23499 
0.963513 
1.45893 
1.17233 
0.966704 
1.47371 
1.03634 
0.98977 
0.678834 
1.18806 
-0.0280439 
1.24203 
0.812641 
1.79759 
1.75303 
2.3109 
1.92786 
1.60013 
1.83818 
1.79951 
0.927397 
0.0341455 
0.936932 
0.715171 
1.44223 
1.01968 
1.25474 
1.8416 
1.45687 
1.10046 
1.36854 
0.244729 
0.623812 
-0.0459231 
-0.290749 
0.167802 
0.0220885 
0.0119123 
0.343832 
0.561182 
0.609329 
0.614247 
0.486534 
-0.0721973 
0.214144 
-0.784179 
-1.27523 
-1.32667 
-1.1538 
-1.44706 
-1.44095 
-0.239512 
-0.540513 
-0.721902 
-0.127036 
-1.07318 
-0.487189 
-1.25313 
-1.74029 
-1.27824 
-1.83125 
-1.61548 
-1.34915 
-1.18332 
-1.15427 
-1.64735 
-1.17925 
-0.642769 
-0.567401 
-1.34745 
-1.3886 
-1.54313 
-1.4653 
-1.06131 
-1.76404 
-1.19413 
-0.94853 
-0.242937 
-0.471628 
-0.821974 
-0.699555 
-1.30381 
-0.925884 
-1.36451 
-1.02179 
-1.10902 
-0.575243 
-0.496511 
-0.711357 
0.342414 
-0.102179 
0.436882 
1.25397 
0.345495 
0.54345 
0.505997 
-0.449562 
0.273272 
-0.103285 
0.78921 
0.340544 
1.67419 
1.46271 
1.29309 
2.03078 
1.39429 
1.40677 
1.14939 
1.0704 
1.3843 
0.46287 
0.262397 
1.54386 
0.692022 
2.08082 
2.32934 
1.22676 
1.99691 
1.32886 
1.77174 
1.04795 
1.04783 
0.513262 
1.34776 
1.18747 
0.71279 
1.10418 
1.65485 
0.659137 
1.72222 
1.82877 
1.18085 
0.417368 
0.557898 
0.746504 
0.470714 
0.308152 
0.475919 
0.679203 
0.476946 
0.405494 
0.301108 
0.491653 
0.184246 
-0.691317 
-0.949324 
-0.740294 
-1.30994 
-1.30495 
-1.40492 
-1.17426 
-0.31797 
-0.496053 
-0.341855 
-0.32814 
-0.809333 
-0.659458 
-0.420131 
-1.56813 
-1.69357 
-1.88022 
-1.19366 
-1.82029 
-1.37002 
-1.05254 
-0.900074 
-1.09595 
-1.70256 
-1.58025 
-1.64767 
-1.15776 
-1.66221 
-1.49625 
-1.47969 
-1.65814 
-1.07837 
-1.11535 
-0.520709 
-0.765956 
-0.0202526 
-1.09117 
0.114786 
-0.888881 
-1.27702 
-1.48686 
-1.16278 
-0.394512 
-0.756704 
-0.140061 
-0.204423 
0.511654 
0.376391 
0.338026 
1.1214 
0.25296 
0.590305 
0.351353 
-0.0169888 
0.76518 
0.163454 
0.995098 
0.608981 
0.71295 
1.52602 
1.50391 
1.37803 
1.39184 
0.242301 
0.889494 
0.274066 
1.13814 
1.1019 
0.81349 
1.32094 
1.5401 
1.91782 
1.64781 
1.30066 
1.5647 
1.75106 
1.1381 
1.01576 
0.478602 
0.406942 
0.541129 
1.35554 
1.41768 
1.66775 
1.65806 
1.60736 
1.10637 
0.847724 
1.57507 
0.875584 
0.0830881 
-0.747183 
0.0337869 
0.0893705 
-0.499118 
0.99923 
1.12448 
0.649599 
0.336186 
0.245919 
-0.0491546 
-0.711328 
-1.08492 
-0.953437 
-0.372287 
-1.39254 
-0.235302 
-1.31615 
-0.959787 
-0.196138 
-0.300873 
-0.895717 
-0.953507 
-1.43025 
-2.09481 
-1.25627 
-2.07407 
-1.62403 
-0.761802 
-1.29938 
-1.08096 
-0.738408 
-0.840778 
-1.19213 
-0.757434 
-1.3671 
-1.45723 
-1.37272 
-1.67619 
-2.07263 
-2.03132 
-1.11076 
-0.898811 
-0.490015 
-0.613888 
-0.35944 
-0.662391 
-0.748837 
-0.175668 
-0.676046 
-1.12498 
-0.890256 
-1.19044 
-0.913518 
-0.138215 
0.202305 
0.3163 
-0.0492851 
0.886137 
0.267151 
0.314223 
0.405641 
0.189981 
-0.0914533 
0.0764079 
0.460886 
0.573301 
1.28426 
1.56876 
1.48282 
1.18242 
1.73445 
0.748824 
1.59132 
0.57042 
0.612904 
1.22575 
0.541422 
1.10808 
1.66632 
1.69875 
1.51085 
2.20138 
1.6334 
1.94214 
1.26565 
1.27874 
0.804142 
1.0767 
0.820842 
0.669923 
0.304064 
1.57197 
2.03646 
1.44097 
1.81025 
1.20693 
0.630103 
0.63662 
0.329005 
0.374008 
-0.108862 
-0.121575 
0.0609929 
0.148494 
0.508017 
0.342882 
0.13234 
0.30812 
-0.389809 
-0.0373643 
-0.570857 
-0.652704 
-0.599586 
-1.24881 
-1.15254 
-0.426265 
-0.371335 
-0.649304 
-0.48217 
-0.781102 
-0.521861 
-1.01617 
-1.08663 
-1.56918 
-1.3139 
-1.55052 
-2.76103 
-1.46371 
-0.793054 
-1.04727 
-1.31912 
-0.748374 
-0.451864 
-1.07755 
-1.14943 
-1.57347 
-1.45331 
-2.01246 
-1.74432 
-1.40705 
-1.16903 
-0.621684 
-1.14858 
-0.58267 
-0.752784 
-0.62815 
-1.40244 
-0.83574 
-0.613568 
-0.735287 
-0.577416 
-1.03438 
-0.747966 
-0.848573 
0.935127 
0.287847 
0.727958 
0.882629 
0.50321 
0.22834 
-0.530225 
-0.429836 
-0.0632896 
-0.0423948 
0.440414 
0.71581 
0.981317 
0.945127 
1.64706 
1.47366 
1.42006 
1.23848 
1.21049 
1.33432 
0.97843 
0.795555 
0.633289 
1.2538 
1.71179 
1.55476 
2.07774 
1.93647 
2.96664 
1.45184 
1.23039 
1.06429 
0.287146 
0.77957 
1.04881 
0.880297 
1.1406 
1.38158 
1.41483 
1.29071 
1.31076 
0.92305 
1.18073 
0.806187 
0.467605 
0.0388376 
-0.751269 
0.031763 
0.53861 
0.633886 
-0.291576 
0.539486 
0.733204 
0.215259 
-0.128368 
0.428014 
-0.952615 
-0.692472 
-0.976599 
-1.91816 
-0.73778 
-0.301321 
-0.7673 
-0.784356 
-1.04777 
-0.250583 
-0.17582 
-1.41687 
-1.87311 
-1.60647 
-1.87182 
-1.47418 
-1.70728 
-1.45087 
-1.72672 
-1.12349 
-0.702153 
-1.30988 
-0.886863 
-1.09184 
-0.886652 
-1.18443 
-2.48369 
-1.54499 
-1.95043 
-2.16248 
-1.3235 
-1.26478 
-0.655779 
-0.736858 
-1.08695 
-0.699432 
-1.47094 
-0.161471 
-1.17275 
-0.902415 
-0.641669 
-1.20742 
-0.892919 
-0.575678 
0.504302 
0.402358 
0.721429 
0.497941 
-0.412419 
-0.0383805 
0.286659 
0.216487 
0.779858 
0.151577 
-0.428601 
1.39301 
1.43881 
0.681803 
1.42287 
1.62036 
0.987172 
0.669575 
0.776398 
0.896463 
0.733413 
0.625224 
0.814557 
2.18025 
1.61107 
2.07128 
1.78624 
1.30282 
1.37024 
1.83257 
1.23 
1.31732 
1.07808 
1.32329 
1.20917 
0.625013 
1.02768 
1.6906 
1.3625 
1.87735 
1.75457 
1.6104 
0.319942 
0.431361 
-0.131166 
0.431417 
-0.0709882 
0.831662 
0.105099 
0.212737 
0.293314 
1.00337 
0.833859 
0.221998 
0.115227 
-0.263541 
-0.628454 
-0.598071 
-0.853427 
-0.506971 
-0.537968 
-1.323 
-0.38322 
-0.438673 
-0.768246 
-0.759926 
-0.863304 
-1.02169 
-1.10819 
-1.45533 
-1.72624 
-1.38989 
-1.18715 
-1.50942 
-1.43101 
-0.772103 
-1.15767 
-1.10313 
-1.09952 
-0.637078 
-1.38815 
-1.27131 
-1.79671 
-1.70143 
-2.55623 
-1.07083 
-1.00952 
-1.50576 
-1.55192 
0.0801359 
-0.638923 
-0.204773 
-0.449546 
-0.671916 
-0.722007 
-0.969988 
-1.57974 
-0.662243 
-0.678757 
0.00783186 
0.28325 
0.319558 
0.131018 
0.424544 
-0.0659919 
0.8399 
0.0535656 
0.091889 
0.35603 
-0.327608 
0.119372 
0.451878 
1.04492 
1.04803 
1.00252 
1.70678 
1.38583 
1.3337 
1.4287 
1.38838 
0.0933836 
0.682435 
0.982349 
0.546439 
1.32273 
2.20196 
1.27361 
1.9434 
1.82793 
1.91148 
1.12041 
0.895569 
1.37792 
0.798099 
1.39269 
1.2853 
1.38115 
1.27532 
1.18594 
1.59761 
1.34855 
1.39241 
0.685845 
0.488503 
0.92878 
0.00966353 
0.177891 
0.110178 
-0.0339537 
0.328868 
0.448057 
-0.396604 
1.0779 
0.807479 
0.665878 
0.2037 
-0.822763 
-1.31555 
-0.98667 
-0.987483 
-0.310109 
-1.32281 
-0.203737 
-1.01947 
-0.395687 
-0.542414 
-1.41995 
-0.116268 
-1.67568 
-1.64399 
-1.9977 
-1.96969 
-1.75021 
-1.37837 
-0.532438 
-0.555637 
-0.607793 
-1.0266 
-0.734689 
-1.39225 
-1.41362 
-1.28629 
-2.02987 
-2.49584 
-1.83629 
-1.64312 
-1.03883 
-1.14269 
-0.312314 
-0.604671 
-0.228295 
-0.359269 
-0.571217 
-1.2886 
-0.918764 
-1.17225 
-1.17953 
-1.03984 
-0.893885 
-0.369408 
-0.164817 
-0.192327 
0.455765 
0.348375 
0.737894 
-0.101952 
0.784697 
-0.622684 
0.817836 
0.200419 
-0.476562 
1.09711 
0.423985 
1.38208 
2.30943 
1.45418 
1.53498 
1.55901 
0.989 
1.24235 
0.84105 
1.29114 
0.478086 
1.07925 
1.15613 
1.29099 
1.78562 
1.59701 
1.17301 
1.32902 
1.13376 
1.51949 
1.08571 
1.11238 
1.03455 
0.836988 
0.605435 
1.36243 
1.50817 
1.87766 
1.26048 
1.88204 
0.938328 
0.76072 
0.20962 
-0.307092 
-0.0573758 
0.234531 
-0.374942 
0.336414 
0.355703 
0.594672 
1.02301 
-0.483492 
-0.299391 
-0.344496 
-1.26967 
-1.77392 
-1.55759 
-0.580361 
-0.31496 
-0.934437 
-0.765606 
-0.513462 
-0.242902 
-0.124466 
-0.078841 
-0.948286 
-1.48435 
-0.607652 
-2.24831 
-1.94289 
-1.41102 
-1.58362 
-1.14123 
-1.12772 
-1.2542 
-1.1571 
-1.54819 
-0.904148 
-1.4606 
-2.30679 
-1.55414 
-1.81258 
-2.00465 
-1.28057 
-0.946771 
-0.824161 
-0.833047 
-0.702019 
-0.645682 
-0.621484 
-0.480582 
-0.117506 
-1.22233 
-1.2728 
-1.12863 
-0.54682 
-0.568416 
0.2109 
-0.325309 
0.217037 
0.985177 
0.739942 
0.618195 
0.34698 
-0.209742 
0.49099 
0.259369 
-0.606425 
0.00229024 
0.478329 
1.61597 
1.57435 
1.76401 
1.32859 
1.64221 
1.02797 
0.570554 
0.988276 
1.00806 
0.434967 
0.713402 
0.74178 
1.45026 
1.18931 
2.0978 
1.82506 
1.87145 
1.42198 
0.951021 
1.08562 
0.482 
0.530489 
0.605102 
0.292489 
0.640127 
0.0720235 
1.8228 
1.22184 
1.56986 
1.12307 
1.09967 
0.626914 
0.689807 
0.023068 
0.242423 
-0.00850485 
-0.0416901 
-0.446126 
-0.187741 
1.14223 
0.0970743 
0.640342 
-0.0120309 
0.0798626 
-0.550427 
-0.739366 
-0.838951 
-1.32909 
-0.994016 
-0.404404 
-0.442828 
-0.845887 
-0.745347 
-0.150736 
-1.18687 
-0.836245 
-0.631609 
-1.44863 
-1.5894 
-1.30442 
-0.809635 
-1.31441 
-1.43048 
-1.11349 
-1.13394 
-0.985865 
-1.86761 
-1.61043 
-1.15898 
-1.24641 
-2.22807 
-1.64689 
-1.77536 
-1.15294 
-1.05789 
-1.46859 
-1.11825 
-0.824699 
-0.261668 
-0.29971 
-0.806957 
-0.76674 
